0.1 0.1 0.0
0.1 0.1 0.025
0.1 0.1 0.05
0.1 0.1 0.07500000000000001
0.1 0.1 0.1
0.1 0.5 0.0
0.1 0.5 0.025
0.1 0.5 0.05
0.1 0.5 0.07500000000000001
0.1 0.5 0.1
0.1 1 0.0
0.1 1 0.025
0.1 1 0.05
0.1 1 0.07500000000000001
0.1 1 0.1
0.1 3 0.0
0.1 3 0.025
0.1 3 0.05
0.1 3 0.07500000000000001
0.1 3 0.1
0.1 5 0.0
0.1 5 0.025
0.1 5 0.05
0.1 5 0.07500000000000001
0.1 5 0.1
0.5 0.1 0.0
0.5 0.1 0.125
0.5 0.1 0.25
0.5 0.1 0.375
0.5 0.1 0.5
0.5 0.5 0.0
0.5 0.5 0.125
0.5 0.5 0.25
0.5 0.5 0.375
0.5 0.5 0.5
0.5 1 0.0
0.5 1 0.125
0.5 1 0.25
0.5 1 0.375
0.5 1 0.5
0.5 3 0.0
0.5 3 0.125
0.5 3 0.25
0.5 3 0.375
0.5 3 0.5
0.5 5 0.0
0.5 5 0.125
0.5 5 0.25
0.5 5 0.375
0.5 5 0.5
1 0.1 0.0
1 0.1 0.25
1 0.1 0.5
1 0.1 0.75
1 0.1 1.0
1 0.5 0.0
1 0.5 0.25
1 0.5 0.5
1 0.5 0.75
1 0.5 1.0
1 1 0.0
1 1 0.25
1 1 0.5
1 1 0.75
1 1 1.0
1 3 0.0
1 3 0.25
1 3 0.5
1 3 0.75
1 3 1.0
1 5 0.0
1 5 0.25
1 5 0.5
1 5 0.75
1 5 1.0
3 0.1 0.0
3 0.1 0.75
3 0.1 1.5
3 0.1 2.25
3 0.1 3.0
3 0.5 0.0
3 0.5 0.75
3 0.5 1.5
3 0.5 2.25
3 0.5 3.0
3 1 0.0
3 1 0.75
3 1 1.5
3 1 2.25
3 1 3.0
3 3 0.0
3 3 0.75
3 3 1.5
3 3 2.25
3 3 3.0
3 5 0.0
3 5 0.75
3 5 1.5
3 5 2.25
3 5 3.0
5 0.1 0.0
5 0.1 1.25
5 0.1 2.5
5 0.1 3.75
5 0.1 5.0
5 0.5 0.0
5 0.5 1.25
5 0.5 2.5
5 0.5 3.75
5 0.5 5.0
5 1 0.0
5 1 1.25
5 1 2.5
5 1 3.75
5 1 5.0
5 3 0.0
5 3 1.25
5 3 2.5
5 3 3.75
5 3 5.0
5 5 0.0
5 5 1.25
5 5 2.5
5 5 3.75
5 5 5.0
