Seed 81346668032957832021251596188133143030
0,0.0,0.79,1.0,0.413655538909783,0.0,0.46977233359067244
1,0.0,0.94,0.38,0.4390685926506843,0.7,0.4733219296189604
2,0.01,0.0,0.32,0.4445785608261489,0.39,0.4634091275221172
3,0.0,0.64,0.75,0.27936253271158507,0.72,0.48821533637336306
4,0.0,0.74,1.0,0.35336227630453204,0.27,0.47539850159513686
5,0.0,0.76,1.0,0.35336227630453204,0.45,0.47530531621735234
6,0.0,0.03,1.0,0.3037973838992398,1.0,0.45845075582092487
7,0.0,0.18,1.0,0.44336770622789207,1.0,0.47875469515354635
8,0.0,0.22,1.0,0.4160053826843171,0.98,0.47254353105404046
9,0.0,0.3,1.0,0.29512183989666363,0.0,0.4735347285808548
10,0.0,0.41,1.0,0.29599170668501484,0.99,0.45895574549396756
11,0.0,0.83,0.98,0.4343244128524685,0.0,0.48223499771368716
12,0.0,0.3,1.0,0.4497689309305596,0.87,0.45868510866320805
13,0.0,0.76,0.96,0.011570404194885522,0.0,0.48558491121967606
14,0.0,0.75,0.28,0.011570404194885522,0.7,0.4881410211426119
15,0.0,0.7,0.99,0.34668723333519186,0.03,0.4841974185300204
16,0.0,0.64,1.0,0.44336770622789207,1.0,0.48515014340731616
17,0.0,0.1,1.0,0.4444629654360609,0.97,0.4561151544790542
18,0.0,0.15,0.2,0.4630335088984916,0.55,0.4560224436410286
19,0.0,0.82,0.55,0.011570404194885522,0.0,0.4881414552184155
20,0.0,0.49,0.21,0.43191747682128684,0.08,0.48406243776637237
21,0.0,0.23,0.64,0.4459169305492638,0.52,0.4673651954841938
22,0.0,0.6,0.69,0.4390685926506843,1.0,0.47332161433339615
23,0.0,0.16,1.0,0.34668723333519186,0.87,0.4770770423357435
24,0.0,0.0,0.55,0.05865837488511844,0.08,0.4603513369617899
25,0.02,0.43,0.26,0.4459169305492638,0.18,0.4675941955408631
26,0.0,0.09,0.24,0.011570404194885522,0.1,0.46961868898144987
27,0.01,0.67,0.92,0.4497689309305596,1.0,0.45819439502085724
28,0.0,0.97,0.61,0.401037946129842,0.02,0.49514465035038047
29,0.0,0.4,1.0,0.29599170668501484,1.0,0.4782763144306243
30,0.0,0.49,0.99,0.413655538909783,0.0,0.47038298011938784
31,0.0,0.28,0.94,0.3921430315855237,0.12,0.47417977447303616
32,0.0,0.76,0.88,0.4390338954061107,0.96,0.4875827598879394
33,0.0,0.2,1.0,0.35336227630453204,0.0,0.4754729352973415
34,0.0,0.28,0.94,0.41035479877804587,0.0,0.481430212554564
35,0.0,0.41,0.27,0.3664173013573064,0.02,0.4660301394544053
36,0.0,0.95,0.96,0.4343244128524685,0.48,0.48913105199048923
37,0.0,0.52,1.0,0.35336227630453204,0.0,0.47052615997540476
38,0.0,0.65,1.0,0.413655538909783,1.0,0.4703931264404101
39,0.04,0.25,0.0,0.45807812424756494,0.06,0.47985432422441116
40,0.0,0.93,0.07,0.4390338954061107,0.01,0.49450771936630816
41,0.0,0.71,1.0,0.33427001537008416,0.0,0.48100289890385795
42,0.0,0.59,1.0,0.413655538909783,0.13,0.4704484236265276
43,0.0,0.03,0.6,0.3664173013573064,0.28,0.4666963262736035
44,0.0,0.02,0.09,0.3037973838992398,0.19,0.45334328625566955
45,0.0,0.27,0.55,0.4160053826843171,0.75,0.48215675338166825
46,0.0,0.47,0.94,0.4390685926506843,0.0,0.4733214394457533
47,0.0,0.78,0.99,0.3515811831227742,0.2,0.4851952441803155
48,0.0,0.0,0.75,0.3037973838992398,0.7,0.4476874683564244
49,0.0,0.54,0.93,0.45924410664384596,0.97,0.4759222261027356
50,0.0,0.11,0.99,0.43439037650452655,1.0,0.4733650109263425
51,0.0,0.25,0.92,0.4316740263281046,0.87,0.47559616524099313
52,0.0,0.89,0.86,0.41834966156673536,0.08,0.47233306511991713
53,0.0,0.01,1.0,0.19424222427482982,1.0,0.4626249992311409
54,0.0,0.04,1.0,0.011570404194885522,0.0,0.4697158446472838
55,0.0,0.03,0.86,0.3037973838992398,0.42,0.47326331168988545
56,0.0,0.91,1.0,0.35336227630453204,0.01,0.4752955288249127
57,0.0,0.26,0.9,0.34635163309593264,0.98,0.4782975332261099
58,0.0,0.03,1.0,0.4003198587011539,1.0,0.4662711334931871
59,0.0,0.78,1.0,0.4003198587011539,0.0,0.49020840122356174
60,0.0,0.0,0.0,0.34635163309593264,0.0,0.4420013053087684
61,0.0,0.0,1.0,0.3037973838992398,1.0,0.44979079606033057
62,0.0,0.11,0.0,0.4459169305492638,0.15,0.45805591147096625
63,0.0,0.06,0.91,0.4459169305492638,0.8,0.4590034553183777
64,0.0,0.66,1.0,0.33427001537008416,0.98,0.47395026964729725
65,0.0,0.08,0.58,0.4459169305492638,0.0,0.44819105040286267
66,0.0,0.0,1.0,0.4444629654360609,1.0,0.4331141496082238
67,0.0,0.43,0.18,0.4160053826843171,0.03,0.4796813226980448
68,0.0,0.36,0.85,0.011570404194885522,0.01,0.4771025996733906
69,0.0,0.0,0.92,0.4471185174042534,0.98,0.44108691903208447
70,0.0,0.85,0.79,0.011570404194885522,0.71,0.48787464499589056
71,0.0,0.38,1.0,0.4328507915595176,0.02,0.4783088713920204
72,0.0,0.69,0.69,0.34668723333519186,0.93,0.4783667702316978
73,0.0,0.56,0.97,0.3664173013573064,0.41,0.4748303391391871
74,0.0,0.01,1.0,0.40571339932662137,1.0,0.4602695036530064
75,0.0,0.48,0.0,0.3664173013573064,0.0,0.4755622825493937
76,0.0,0.9,0.99,0.29599170668501484,1.0,0.4841894839221066
77,0.0,0.05,0.47,0.35336227630453204,0.0,0.46417552606695756
78,0.0,0.18,0.64,0.2575027907876169,0.96,0.47661070782232867
79,0.0,0.05,0.0,0.35336227630453204,0.0,0.4607403966297434
80,0.0,0.01,1.0,0.011570404194885522,0.5,0.4612855995219943
81,0.0,0.04,1.0,0.28019864782398896,0.0,0.4580553936956295
82,0.0,0.08,1.0,0.41035479877804587,1.0,0.4700380492455015
83,0.0,0.64,0.82,0.4630335088984916,0.87,0.46784019112558217
84,0.01,0.31,0.02,0.45807812424756494,0.0,0.48234983761694994
85,0.0,0.12,0.0,0.34668723333519186,0.0,0.4722012408387715
86,0.0,0.67,1.0,0.24041136810680813,0.91,0.4762846350030418
87,0.0,0.17,1.0,0.011570404194885522,1.0,0.47710572997610884
88,0.0,0.75,0.82,0.4459169305492638,0.98,0.46738871480898014
89,0.0,0.01,1.0,0.4471185174042534,1.0,0.4471170735737489
90,0.0,0.0,1.0,0.19424222427482982,1.0,0.4545714541573007
91,0.0,0.94,1.0,0.28019864782398896,0.17,0.4671937547187051
92,0.0,0.92,0.97,0.4328971744843584,0.03,0.4887186933665409
93,0.0,0.55,1.0,0.28019864782398896,0.0,0.4673954534670885
94,0.0,0.28,0.0,0.42994872008609253,0.01,0.4821761561737212
95,0.0,0.18,1.0,0.24875372085981573,1.0,0.48062143470577645
96,0.0,0.13,1.0,0.2939609268454136,1.0,0.47271345094559214
97,0.0,0.0,0.98,0.45924410664384596,0.99,0.45826526278517615
98,0.0,0.75,0.43,0.4630335088984916,0.31,0.4680598357378783
99,0.0,0.0,0.63,0.44291726262429065,0.94,0.4087434588442706
100,0.01,0.09,0.71,0.4471185174042534,0.99,0.45526279778827683
101,0.0,0.63,1.0,0.29599170668501484,1.0,0.47697764760071437
102,0.0,0.06,0.31,0.19424222427482982,0.0,0.46778944530758215
103,0.0,0.33,1.0,0.35336227630453204,0.0,0.47027948811530756
104,0.0,0.0,0.97,0.4471185174042534,0.95,0.4351911755667112
105,0.0,0.11,0.96,0.40571339932662137,0.05,0.46993577779373885
106,0.0,0.13,0.0,0.4471185174042534,0.0,0.46397478542997345
107,0.0,0.93,0.9,0.34668723333519186,0.37,0.4841891571324864
108,0.0,0.37,0.09,0.401037946129842,0.36,0.4832191793008277
109,0.0,0.81,0.86,0.45924410664384596,0.96,0.4748734427996357
110,0.0,0.12,0.91,0.4343244128524685,0.0,0.46948543935285597
111,0.0,0.23,1.0,0.42620415604858575,0.96,0.47630950244658626
112,0.0,0.0,1.0,0.401037946129842,1.0,0.45906889735553225
113,0.0,0.0,0.0,0.36219180442020577,0.0,0.4067667146131559
114,0.0,0.21,0.04,0.29599170668501484,0.0,0.4713014587922208
115,0.1,0.48,0.88,0.4312010032706227,0.55,0.48661010443729047
116,0.0,0.77,0.82,0.2575027907876169,0.0,0.47602572281162664
117,0.0,0.86,0.86,0.4474645691824016,0.31,0.49321479440729127
118,0.0,0.0,0.99,0.34668723333519186,0.87,0.4579090852769207
119,0.0,0.01,1.0,0.413655538909783,1.0,0.4669010106426626
120,0.0,0.66,0.0,0.4474645691824016,0.0,0.48657279078314153
121,0.0,0.85,0.41,0.44336770622789207,0.0,0.48968167426158293
122,0.0,0.62,1.0,0.011570404194885522,0.86,0.48067963454486157
123,0.0,0.11,0.0,0.2575027907876169,0.81,0.471157160967682
124,0.0,0.1,0.89,0.44173859166662993,0.01,0.4650888643314414
125,0.0,0.24,0.25,0.33427001537008416,0.46,0.48467141566394634
126,0.0,0.01,0.01,0.3984825642725378,0.0,0.45914599762513797
127,0.0,0.1,0.85,0.3984825642725378,0.0,0.4743994333013519
128,0.0,0.61,1.0,0.3037973838992398,0.99,0.48693548332814807
129,0.0,0.09,0.99,0.4003198587011539,0.79,0.4756990394698248
130,0.0,0.0,1.0,0.29599170668501484,1.0,0.4551821488804075
131,0.0,0.09,0.97,0.4471185174042534,0.98,0.45258421367510215
132,0.0,0.12,0.09,0.2939609268454136,0.0,0.47290024976475015
133,0.0,0.02,1.0,0.28019864782398896,0.0,0.4262041417355863
134,0.0,0.15,1.0,0.27936253271158507,0.0,0.4639015129805477
135,0.01,0.0,0.66,0.4445785608261489,0.3,0.4427898597242813
136,0.0,0.54,1.0,0.33427001537008416,1.0,0.47875239134787373
137,0.0,0.68,0.68,0.34668723333519186,1.0,0.4783725084046181
138,0.0,0.0,0.09,0.2575027907876169,0.22,0.44351461453712004
139,0.0,0.24,1.0,0.17264632361215881,1.0,0.47098828028044337
140,0.0,0.01,0.78,0.011570404194885522,0.05,0.46598602924015364
141,0.0,0.83,0.35,0.44291726262429065,0.19,0.49110548713085184
142,0.0,0.43,0.6,0.4316740263281046,0.5,0.48405254992941515
143,0.0,0.09,1.0,0.28019864782398896,1.0,0.45887264428453983
144,0.0,0.71,1.0,0.28019864782398896,1.0,0.46739042496720173
145,0.0,0.62,0.82,0.44291726262429065,0.29,0.4900138906595684
146,0.0,0.19,1.0,0.4160053826843171,0.97,0.4735527647625437
147,0.0,0.0,0.0,0.3984825642725378,0.0,0.4373374775453526
148,0.0,0.01,1.0,0.44336770622789207,1.0,0.4574765737656882
149,0.0,0.0,1.0,0.44336770622789207,1.0,0.4509120245534342
150,0.0,0.69,1.0,0.35336227630453204,1.0,0.4739278666567852
151,0.0,0.2,0.87,0.011570404194885522,0.05,0.4713118288567713
152,0.0,0.96,0.95,0.3664173013573064,0.18,0.4821125518335738
153,0.0,0.43,0.99,0.4160053826843171,0.01,0.4810149243808583
154,0.0,0.33,1.0,0.4328971744843584,1.0,0.47701386195301093
155,0.0,0.79,0.78,0.36270248078570366,0.97,0.49241471144367527
156,0.0,0.45,0.79,0.4328507915595176,0.87,0.47742536225918547
157,0.0,0.84,0.33,0.3664173013573064,0.58,0.480266267115565
158,0.0,0.54,0.64,0.3664173013573064,0.0,0.4767413619317248
159,0.0,0.37,0.26,0.4459169305492638,0.76,0.4674111163519603
160,0.0,0.13,0.64,0.4459169305492638,0.01,0.45570222636366825
161,0.0,0.36,0.99,0.33427001537008416,0.02,0.48503945564797796
162,0.0,0.0,0.0,0.3037973838992398,0.0,0.2748548166946025
163,0.0,0.37,0.99,0.4471185174042534,0.94,0.4674358455198691
164,0.0,0.94,0.99,0.44409347229684815,0.63,0.47912405131787333
165,0.0,0.0,0.0,0.34635163309593264,0.0,0.40407205883687314
166,0.0,0.72,1.0,0.17114249627996705,1.0,0.45647516582297226
167,0.0,0.91,1.0,0.011570404194885522,0.68,0.48814689235873604
168,0.0,0.08,1.0,0.2575027907876169,0.0,0.4614548720900037
169,0.0,0.27,0.93,0.24875372085981573,0.23,0.47877583186088446
170,0.0,0.66,1.0,0.33427001537008416,1.0,0.484907591837986
171,0.01,0.29,0.87,0.4445785608261489,0.8,0.48128026767749543
172,0.0,0.01,1.0,0.33427001537008416,0.97,0.463649494244114
173,0.01,0.0,1.0,0.4445785608261489,1.0,0.42983403726547004
174,0.0,0.52,1.0,0.19991324877057545,1.0,0.4821417350567172
175,0.0,0.0,0.0,0.401037946129842,0.0,0.39310691015647964
176,0.0,0.09,0.06,0.42994872008609253,0.58,0.4713869777679908
177,0.0,0.61,1.0,0.2939609268454136,0.95,0.48520002211677626
178,0.0,0.76,1.0,0.35336227630453204,0.34,0.47530517934994626
179,0.0,0.77,0.65,0.4471185174042534,0.44,0.4724919305142167
180,0.0,0.23,0.78,0.4390685926506843,0.02,0.4528611861655103
181,0.0,0.49,1.0,0.2939609268454136,1.0,0.48488839224085895
182,0.0,0.8,1.0,0.3037973838992398,0.97,0.4936306485405439
183,0.0,0.47,0.48,0.2629996400522628,0.01,0.48552842687633385
184,0.0,0.0,1.0,0.44409347229684815,1.0,0.44729043923660694
185,0.0,0.26,1.0,0.4003198587011539,0.82,0.47929327705455493
186,0.0,0.15,0.97,0.41834966156673536,0.92,0.47238342934985633
187,0.0,0.91,0.36,0.4459169305492638,0.68,0.4673976552256154
188,0.0,0.08,0.99,0.4160053826843171,0.29,0.466252187045725
189,0.0,0.39,1.0,0.40571339932662137,1.0,0.4703401408344002
190,0.0,0.0,0.65,0.3037973838992398,0.61,0.4456060024144112
191,0.0,0.15,0.3,0.011570404194885522,0.17,0.4786755092905847
192,0.0,0.02,0.79,0.25863988183350833,0.91,0.47103589751066605
193,0.0,0.49,1.0,0.35336227630453204,1.0,0.472931545367044
194,0.0,0.6,1.0,0.34668723333519186,1.0,0.48118351924728014
195,0.01,0.01,0.59,0.44409347229684815,0.89,0.4608685164129911
196,0.0,0.09,1.0,0.011570404194885522,0.0,0.46666091132247367
197,0.0,0.15,0.82,0.4343244128524685,0.79,0.47915470599043486
198,0.0,0.0,1.0,0.2507263294347249,1.0,0.4491451404777666
199,0.0,0.21,0.9,0.29599170668501484,0.91,0.47334778230960356
200,0.0,0.28,0.38,0.4316740263281046,0.0,0.47716994219140096
201,0.0,0.0,0.88,0.34635163309593264,0.92,0.44935843748361176
202,0.0,0.74,0.76,0.3842910730078735,0.0,0.49058998065873644
203,0.02,0.8,0.78,0.4444629654360609,0.0,0.4673901078911221
204,0.0,0.29,0.0,0.4471185174042534,0.0,0.4664045328879994
205,0.0,0.6,0.06,0.36270248078570366,0.86,0.488156844039248
206,0.0,0.03,1.0,0.3664173013573064,1.0,0.46480833128556714
207,0.0,0.11,0.0,0.33427001537008416,0.0,0.4694042233727552
208,0.0,0.31,0.0,0.4474645691824016,0.0,0.4810941892178483
209,0.01,0.38,0.97,0.4445785608261489,0.7,0.48429894341346486
210,0.0,0.16,0.0,0.4459169305492638,0.0,0.46264366731337075
211,0.0,0.0,0.0,0.34668723333519186,0.0,0.44490090112793773
212,0.0,0.54,0.89,0.3664173013573064,0.14,0.482322309133593
213,0.0,0.56,0.82,0.17264632361215881,0.93,0.4864433667909655
214,0.0,0.94,1.0,0.413655538909783,0.0,0.470357625279632
215,0.0,0.01,0.62,0.3664173013573064,0.68,0.452808826297265
216,0.0,0.41,1.0,0.2939609268454136,1.0,0.4852831563819851
217,0.0,0.27,0.76,0.34668723333519186,0.39,0.48286896436294263
218,0.0,0.49,1.0,0.4471185174042534,1.0,0.4699074489660542
219,0.0,0.89,1.0,0.3664173013573064,0.03,0.48221830878014393
220,0.0,0.34,1.0,0.33427001537008416,1.0,0.4734939631206298
221,0.0,0.04,0.0,0.413655538909783,0.0,0.46078360044967703
222,0.0,0.62,1.0,0.29599170668501484,1.0,0.4777857392971612
223,0.0,0.0,0.99,0.011570404194885522,0.0,0.4619075645291667
224,0.0,0.0,1.0,0.36481573241169957,0.82,0.45865502218600795
225,0.0,0.0,0.66,0.2507263294347249,0.45,0.45928665707766486
226,0.0,0.22,1.0,0.3984825642725378,0.0,0.4777358484042596
227,0.0,0.65,1.0,0.29599170668501484,0.98,0.47723816823412746
228,0.0,0.94,1.0,0.34668723333519186,0.08,0.48419177396833113
229,0.0,0.07,1.0,0.4471185174042534,0.99,0.4600271715539233
230,0.01,0.31,1.0,0.44409347229684815,0.94,0.47231215053740905
231,0.0,0.54,1.0,0.27936253271158507,0.97,0.48254006020726237
232,0.0,0.32,0.81,0.34668723333519186,0.37,0.4815874502834625
233,0.0,0.4,0.14,0.34668723333519186,0.01,0.4774431183172311
234,0.0,0.39,0.87,0.3866678718621428,0.0,0.4881717531803322
235,0.01,0.19,0.25,0.4459169305492638,0.01,0.45778898311290467
236,0.0,0.44,0.0,0.34668723333519186,0.11,0.4794049566912617
237,0.0,0.39,0.72,0.42620415604858575,0.49,0.4787283850915347
238,0.0,0.08,1.0,0.4471185174042534,1.0,0.4540402895881117
239,0.0,0.94,1.0,0.27936253271158507,0.12,0.4947118749866941
240,0.02,0.0,0.47,0.44409347229684815,0.07,0.4544327896456254
241,0.0,0.11,1.0,0.29599170668501484,1.0,0.46920138158224856
242,0.0,0.64,0.99,0.27936253271158507,0.0,0.48655289042692207
243,0.0,0.04,0.99,0.4471185174042534,1.0,0.4550787408023487
244,0.0,0.29,0.0,0.413655538909783,0.0,0.465241515273263
245,0.0,0.92,0.68,0.35336227630453204,0.98,0.4752952227019459
246,0.0,0.32,0.35,0.28019864782398896,0.16,0.46408401703054086
247,0.0,1.0,0.99,0.42620415604858575,0.0,0.48814234834175474
248,0.0,0.6,0.99,0.35336227630453204,0.0,0.475301976637618
249,0.0,0.7,0.83,0.24875372085981573,0.39,0.4770233091668954
250,0.0,0.0,0.0,0.3037973838992398,0.0,0.45898902629462573
251,0.0,0.02,0.73,0.011570404194885522,0.0,0.4581751815228571
252,0.0,0.41,1.0,0.011570404194885522,0.0,0.4793965543109236
253,0.0,0.64,1.0,0.011570404194885522,0.06,0.4820173322639968
254,0.01,0.08,0.0,0.44985042244069434,0.0,0.47071186830045014
255,0.0,0.19,0.99,0.29599170668501484,0.0,0.4650751209310186
256,0.0,0.76,0.03,0.4497689309305596,0.14,0.4584707724862752
257,0.0,0.0,0.0,0.41834966156673536,0.0,0.41307122139368146
258,0.0,0.85,0.29,0.4160053826843171,0.55,0.48541567678258135
259,0.0,0.72,0.18,0.4160053826843171,0.03,0.4881434580917634
260,0.0,0.26,1.0,0.33427001537008416,1.0,0.47081498543478156
261,0.01,0.0,0.28,0.4459169305492638,0.84,0.4282442060509014
262,0.01,0.83,0.54,0.45924410664384596,0.56,0.47924904709978916
263,0.0,0.29,1.0,0.33427001537008416,1.0,0.4791855689567332
264,0.01,0.32,0.0,0.4459169305492638,0.0,0.461988613245865
265,0.01,0.26,0.99,0.45924410664384596,1.0,0.4658740871918269
266,0.0,0.23,1.0,0.011570404194885522,0.0,0.4811541470194464
267,0.0,0.02,0.27,0.3664173013573064,0.0,0.4654735799234865
268,0.0,0.87,0.72,0.3664173013573064,0.48,0.4817814948678305
269,0.0,0.39,1.0,0.3037973838992398,0.99,0.48228913837256326
270,0.0,0.08,1.0,0.3037973838992398,1.0,0.46966524508551505
271,0.0,0.18,1.0,0.413655538909783,0.0,0.4529356007524388
272,0.0,0.27,0.79,0.29599170668501484,1.0,0.4712671928320812
273,0.0,0.25,0.86,0.4497689309305596,0.94,0.44932392365309204
274,0.0,0.22,0.51,0.3664173013573064,0.25,0.4706724674652453
275,0.0,0.46,1.0,0.3664173013573064,1.0,0.48221295288146265
276,0.0,0.04,0.96,0.3921430315855237,0.89,0.46648277515330766
277,0.0,0.58,0.0,0.4221808832015208,0.0,0.48714587723977615
278,0.0,0.29,0.09,0.34668723333519186,0.0,0.47927100283515556
279,0.0,0.4,1.0,0.33427001537008416,1.0,0.4727826024215193
280,0.0,0.19,1.0,0.35336227630453204,0.0,0.4751033127718728
281,0.0,0.23,0.0,0.4471185174042534,0.0,0.46032526911586924
282,0.0,0.44,0.4,0.401037946129842,0.08,0.48117671012026164
283,0.0,0.93,0.82,0.4160053826843171,0.01,0.488149528969898
284,0.0,0.13,1.0,0.35336227630453204,0.0,0.46936981722345733
285,0.0,0.22,0.0,0.42620415604858575,0.0,0.47680041725095634
286,0.0,0.28,0.24,0.4471185174042534,0.0,0.4567906682188723
287,0.0,0.6,1.0,0.27936253271158507,0.0,0.486447193998503
288,0.0,0.08,1.0,0.3037973838992398,1.0,0.47522556398047017
289,0.0,0.3,1.0,0.33427001537008416,1.0,0.4794373777495953
290,0.0,0.14,0.0,0.4459169305492638,0.02,0.45695426147522394
291,0.0,0.0,1.0,0.3515811831227742,0.97,0.43970907105664425
292,0.0,0.26,0.13,0.4471185174042534,0.32,0.46606053856227897
293,0.0,0.21,0.32,0.2575027907876169,0.46,0.46717920899634213
294,0.0,0.91,0.69,0.42994872008609253,0.05,0.4911988088752279
295,0.0,0.3,0.97,0.36219180442020577,0.0,0.47704010442991407
296,0.0,0.47,1.0,0.35336227630453204,0.46,0.4753098107527848
297,0.0,0.93,1.0,0.3037973838992398,1.0,0.49562355042668516
298,0.0,0.19,1.0,0.17114249627996705,0.98,0.457467804919522
299,0.0,0.49,0.0,0.413655538909783,0.01,0.4698414253619583
300,0.0,0.45,0.86,0.36270248078570366,0.66,0.48447108730601157
301,0.0,0.8,0.67,0.2507263294347249,0.88,0.47684334513159843
302,0.0,0.66,1.0,0.34668723333519186,0.82,0.4793194597021399
303,0.0,0.82,0.27,0.4003198587011539,0.0,0.48966611550508016
304,0.0,0.03,0.0,0.34668723333519186,0.0,0.47262272558149887
305,0.0,0.04,0.15,0.3037973838992398,0.33,0.4716113380205389
306,0.03,0.23,0.97,0.4440890314168506,0.82,0.47132729061310896
307,0.01,0.4,1.0,0.4471185174042534,0.95,0.47292532507298135
308,0.0,0.19,0.01,0.35336227630453204,0.0,0.4656937769815012
309,0.0,0.0,0.04,0.33427001537008416,0.21,0.4480169213866212
310,0.0,0.0,0.0,0.34668723333519186,0.0,0.4572828382379757
311,0.0,0.73,1.0,0.29599170668501484,0.05,0.47991339590166054
312,0.0,0.07,0.47,0.4003198587011539,0.88,0.4706162308900228
313,0.0,0.64,0.0,0.44985042244069434,0.0,0.48565478154344144
314,0.0,0.65,0.8,0.33427001537008416,0.26,0.4712486081179817
315,0.0,0.28,0.89,0.4471185174042534,0.94,0.4661234759515999
316,0.0,0.85,1.0,0.33427001537008416,0.0,0.4838994944729776
317,0.0,0.35,0.95,0.011570404194885522,0.37,0.47499275359625825
318,0.0,0.51,0.98,0.4160053826843171,0.79,0.48737617390643795
319,0.0,0.17,1.0,0.4115462275778437,1.0,0.4585856277952782
320,0.0,0.13,1.0,0.011570404194885522,0.0,0.47069791205598716
321,0.0,0.32,1.0,0.4003198587011539,1.0,0.4786663974635584
322,0.0,0.34,1.0,0.35336227630453204,0.93,0.4757690854281823
323,0.0,0.71,0.96,0.4465289505538382,0.0,0.4879851283917291
324,0.0,0.36,0.44,0.44985042244069434,0.24,0.4865739181205454
325,0.0,0.9,0.21,0.4459169305492638,0.88,0.4670047179480357
326,0.0,0.98,0.66,0.3664173013573064,0.34,0.48221398349888256
327,0.0,0.21,0.74,0.27936253271158507,0.97,0.4699084455807479
328,0.0,0.96,0.93,0.4003198587011539,0.21,0.49296586789555163
329,0.0,0.28,0.0,0.3664173013573064,0.0,0.4706306632126602
330,0.0,0.89,0.42,0.34668723333519186,0.2,0.48419120180319003
331,0.0,0.5,1.0,0.4160053826843171,1.0,0.48671655082421633
332,0.0,0.92,0.83,0.2575027907876169,1.0,0.4746134571184921
333,0.0,0.83,1.0,0.35336227630453204,0.97,0.473422543691545
334,0.0,0.18,0.96,0.3664173013573064,0.97,0.47150269612653894
335,0.0,0.01,0.39,0.33427001537008416,0.24,0.4669039460302237
336,0.0,0.63,0.99,0.4471185174042534,0.23,0.4672025490796887
337,0.0,0.0,0.76,0.413655538909783,0.68,0.4192346640628036
338,0.0,0.05,0.99,0.450465260435319,0.97,0.46466605197530725
339,0.0,0.52,1.0,0.33427001537008416,0.93,0.4796795737593791
340,0.0,0.01,0.14,0.29599170668501484,0.0,0.45654874767908604
341,0.0,0.32,0.09,0.35336227630453204,0.0,0.47142907101330356
342,0.0,0.93,1.0,0.35336227630453204,0.01,0.47529965211115843
343,0.0,0.88,1.0,0.4444629654360609,0.97,0.4670106857685699
344,0.0,0.52,0.6,0.33427001537008416,0.0,0.48298154789100967
345,0.0,0.03,0.0,0.4328971744843584,0.0,0.46483598265084186
346,0.0,0.18,0.44,0.3037973838992398,0.85,0.47693980839678923
347,0.0,0.19,1.0,0.29512183989666363,0.77,0.4604692158909961
348,0.0,0.59,0.25,0.45924410664384596,0.01,0.4793460847110692
349,0.01,0.91,0.7,0.4459169305492638,0.12,0.46739344628827545
350,0.0,0.43,1.0,0.2939609268454136,0.09,0.48920671536595983
351,0.0,0.0,0.4,0.44291726262429065,0.27,0.44224542634809527
352,0.0,0.09,0.99,0.33427001537008416,1.0,0.4748236481956865
353,0.0,0.1,1.0,0.2575027907876169,0.94,0.47045626512097277
354,0.0,0.86,0.97,0.4497689309305596,0.91,0.4578687387458467
355,0.0,0.53,0.97,0.4471185174042534,0.96,0.4733299447742832
356,0.0,0.33,1.0,0.3664173013573064,0.0,0.48231825274456275
357,0.0,0.26,0.81,0.3633680455868924,0.68,0.4825686210470732
358,0.0,0.0,0.0,0.29599170668501484,0.0,0.4526190919976402
359,0.0,0.18,0.0,0.4328971744843584,0.0,0.4753104428193335
360,0.0,0.06,0.89,0.44336770622789207,0.98,0.468293884329934
361,0.0,0.69,1.0,0.29599170668501484,1.0,0.4804724967425406
362,0.0,0.47,0.43,0.4343244128524685,0.19,0.4790017975244742
363,0.0,0.58,0.46,0.4160053826843171,0.63,0.482723109081865
364,0.02,0.99,0.93,0.4445785608261489,0.01,0.4966385354860377
365,0.0,0.02,0.93,0.011570404194885522,0.0,0.45893098484668665
366,0.0,0.46,1.0,0.2507263294347249,1.0,0.47235812761880813
367,0.0,0.29,1.0,0.3921430315855237,0.0,0.46814830860820733
368,0.0,0.97,0.86,0.4497689309305596,0.0,0.4584980091283355
369,0.0,0.04,1.0,0.17114249627996705,0.15,0.45757989894501605
370,0.0,0.63,0.39,0.4471185174042534,0.73,0.4702280554374811
371,0.0,0.95,0.99,0.29599170668501484,0.73,0.48384624465737697
372,0.02,0.85,0.29,0.4445785608261489,0.08,0.4946484418897974
373,0.0,0.57,0.52,0.011570404194885522,0.02,0.48798314223673755
374,0.0,0.0,0.0,0.29599170668501484,0.0,0.45252910859962414
375,0.0,0.25,0.0,0.3664173013573064,0.0,0.4685276433207375
376,0.0,0.0,0.82,0.28019864782398896,0.0,0.42275405291572
377,0.0,0.36,1.0,0.4316740263281046,1.0,0.4803794495435606
378,0.0,0.0,0.86,0.3037973838992398,0.45,0.45433966236742773
379,0.12,0.3,0.04,0.4312010032706227,0.45,0.48267978309109766
380,0.0,0.68,0.0,0.4474645691824016,0.0,0.4898894100940437
381,0.0,0.05,1.0,0.450465260435319,1.0,0.47128334693032375
382,0.0,0.23,0.64,0.42994872008609253,0.96,0.48324938081466656
383,0.0,0.59,0.4,0.3866678718621428,0.0,0.48556139452947245
384,0.0,0.41,0.73,0.29599170668501484,0.21,0.48193418049251635
385,0.0,0.01,1.0,0.3037973838992398,1.0,0.4675666504277881
386,0.01,0.28,0.0,0.44409347229684815,0.0,0.4728899839176046
387,0.0,0.0,1.0,0.40481432585906524,1.0,0.36568347872831236
388,0.0,0.46,1.0,0.011570404194885522,0.06,0.4862631195296765
389,0.0,0.74,0.75,0.4390685926506843,0.92,0.4702400189474856
390,0.0,0.34,1.0,0.3664173013573064,0.02,0.48221012913544237
391,0.0,0.33,0.99,0.011570404194885522,0.0,0.4762227350591778
392,0.0,0.0,0.09,0.34668723333519186,0.0,0.457639468588411
393,0.0,0.13,1.0,0.34668723333519186,1.0,0.47411158510658935
394,0.0,0.08,1.0,0.011570404194885522,0.0,0.47183932284913543
395,0.0,0.02,1.0,0.3866678718621428,1.0,0.46017488324123923
396,0.02,0.62,0.22,0.4445785608261489,0.0,0.47951883707513493
397,0.0,1.0,0.97,0.3842910730078735,0.3,0.4908871388244611
398,0.0,0.61,0.82,0.4465289505538382,0.11,0.4889721088451436
399,0.0,0.62,1.0,0.33427001537008416,0.98,0.4852014002012837
400,0.0,0.42,0.95,0.19991324877057545,0.72,0.47829138131495286
401,0.0,0.01,0.1,0.34668723333519186,0.02,0.4633208148306087
402,0.0,0.58,0.7,0.43191747682128684,0.0,0.4861631964464844
403,0.0,0.85,1.0,0.4497689309305596,0.86,0.4584633039279547
404,0.0,0.74,1.0,0.24875372085981573,1.0,0.48227245006394515
405,0.04,0.11,1.0,0.4440890314168506,0.95,0.45252392530280244
406,0.0,0.0,0.08,0.3037973838992398,0.81,0.4508545631791843
407,0.0,0.84,1.0,0.41035479877804587,0.19,0.4943227768507758
408,0.0,0.06,0.01,0.27936253271158507,0.02,0.46524369142178507
409,0.0,0.2,0.49,0.35336227630453204,0.18,0.464710249031088
410,0.0,0.99,0.99,0.3664173013573064,0.98,0.4822137636689601
411,0.0,0.79,0.39,0.43191747682128684,0.0,0.49132145489559476
412,0.0,0.24,0.99,0.42994872008609253,0.0,0.4782971302918764
413,0.0,0.24,0.96,0.29599170668501484,1.0,0.4712896278954667
414,0.0,0.0,0.0,0.43439037650452655,0.0,0.4109659133245931
415,0.0,0.63,0.93,0.2575027907876169,0.0,0.4741870071862438
416,0.0,0.61,0.98,0.29599170668501484,0.64,0.484326629739459
417,0.0,0.85,0.01,0.43439037650452655,0.28,0.4950317713418411
418,0.0,0.87,1.0,0.40571339932662137,0.31,0.4772707732883905
419,0.0,0.01,0.0,0.4445785608261489,0.0,0.4627977781605055
420,0.0,0.49,0.45,0.42994872008609253,0.26,0.4877959684289535
421,0.0,0.11,0.9,0.4343244128524685,0.0,0.45443682228256443
422,0.0,1.0,1.0,0.33427001537008416,0.45,0.48517787496271414
423,0.0,0.61,0.35,0.4160053826843171,0.01,0.487408386553055
424,0.0,0.18,1.0,0.4471185174042534,0.99,0.4629696411987634
425,0.0,0.18,1.0,0.34635163309593264,1.0,0.4750617337665275
426,0.0,0.15,0.66,0.4459169305492638,0.32,0.4553268579711723
427,0.0,0.83,0.54,0.4459169305492638,0.5,0.4662017960086714
428,0.0,0.51,1.0,0.413655538909783,1.0,0.46489584727727357
429,0.0,0.03,0.96,0.2575027907876169,0.67,0.4609329236977397
430,0.0,0.5,0.0,0.4471185174042534,0.0,0.47095079386218275
431,0.0,0.02,0.68,0.3037973838992398,0.67,0.46424464122054515
432,0.0,0.01,0.0,0.44985042244069434,0.0,0.4499479971891786
433,0.0,1.0,1.0,0.3037973838992398,0.33,0.4964925750551409
434,0.0,0.58,0.64,0.011570404194885522,0.01,0.4836064676937036
435,0.0,0.85,1.0,0.4328971744843584,1.0,0.4901393583131687
436,0.0,0.0,0.0,0.35336227630453204,0.0,0.4531889816176628
437,0.0,0.0,0.0,0.24041136810680813,0.0,0.2785565383886238
438,0.0,0.97,0.72,0.33427001537008416,0.96,0.4838242471477992
439,0.0,0.05,0.18,0.36270248078570366,0.38,0.4610076342290922
440,0.0,0.7,1.0,0.35336227630453204,0.0,0.4753097057648329
441,0.0,0.0,0.24,0.27936253271158507,0.0,0.4680340436788769
442,0.0,0.32,0.92,0.4471185174042534,0.64,0.47350810768884594
443,0.0,0.27,0.4,0.34668723333519186,0.18,0.47441410488359675
444,0.0,0.0,0.0,0.35336227630453204,0.0,0.45411656836085523
445,0.0,0.19,0.98,0.4465289505538382,0.78,0.4805068783360384
446,0.01,0.06,0.0,0.4444629654360609,0.0,0.44545667941445277
447,0.0,0.35,0.76,0.4459169305492638,0.92,0.4643217360975292
448,0.0,1.0,0.94,0.40571339932662137,0.98,0.47727270028697033
449,0.0,0.78,1.0,0.36481573241169957,1.0,0.4900952111296026
450,0.0,0.18,0.99,0.4471185174042534,1.0,0.46383722210021
451,0.0,0.35,0.12,0.4003198587011539,0.01,0.48611548450797065
452,0.0,0.72,1.0,0.29599170668501484,1.0,0.48443860719864645
453,0.02,0.0,0.18,0.45924410664384596,0.52,0.45450922215812894
454,0.0,0.06,0.0,0.4471185174042534,0.0,0.4645637040982472
455,0.0,0.53,0.6,0.4390685926506843,0.17,0.4733536134609909
456,0.0,0.27,0.02,0.3197595126087458,0.17,0.4832224082936147
457,0.0,0.23,0.02,0.3664173013573064,0.03,0.46754874237381766
458,0.0,0.19,0.73,0.2575027907876169,0.99,0.46723618241590326
459,0.0,0.15,1.0,0.41035479877804587,1.0,0.47615360943526724
460,0.0,0.54,0.46,0.011570404194885522,0.15,0.48187883071277116
461,0.0,0.02,1.0,0.4471185174042534,1.0,0.4372369124705469
462,0.02,0.01,1.0,0.4497689309305596,1.0,0.4501840636623999
463,0.0,0.3,1.0,0.34668723333519186,0.0,0.4735079670820789
464,0.0,0.3,0.88,0.4390685926506843,0.65,0.473512193401481
465,0.0,0.0,0.0,0.4471185174042534,0.0,0.44363022032535826
466,0.0,0.38,0.98,0.413655538909783,0.68,0.4703500728180051
467,0.0,1.0,0.14,0.33427001537008416,0.78,0.48517064542450583
468,0.0,0.67,1.0,0.24875372085981573,0.0,0.4819391507980001
469,0.0,0.45,0.98,0.42620415604858575,0.84,0.4852107301963693
470,0.0,0.21,0.0,0.3664173013573064,0.0,0.4713594459566662
471,0.0,0.12,0.96,0.34668723333519186,0.04,0.47810283697025735
472,0.0,0.57,0.91,0.2939609268454136,0.76,0.4624647372067922
473,0.0,0.35,0.64,0.35336227630453204,0.88,0.4753057767067222
474,0.0,0.08,0.0,0.4445785608261489,0.0,0.4730759763935147
475,0.0,0.0,0.64,0.34635163309593264,0.0,0.4546346268994888
476,0.0,0.11,0.52,0.2575027907876169,0.67,0.4757100756715301
477,0.0,0.0,0.0,0.3984825642725378,0.0,0.45892967776168386
478,0.0,0.33,1.0,0.17114249627996705,0.07,0.4574400055993738
479,0.0,0.11,0.0,0.413655538909783,0.0,0.4706671164300476
480,0.02,0.03,0.93,0.4444629654360609,0.0,0.46807267503611094
481,0.0,0.24,1.0,0.011570404194885522,0.0,0.46984860811404877
482,0.0,0.86,1.0,0.24041136810680813,0.59,0.47628947393480214
483,0.0,0.52,0.8,0.4471185174042534,0.49,0.46928102874120436
484,0.0,0.03,0.0,0.3664173013573064,0.0,0.460503562648002
485,0.0,0.44,1.0,0.33427001537008416,1.0,0.4801219408381194
486,0.0,0.03,0.97,0.3664173013573064,0.85,0.45995016668082667
487,0.0,0.7,1.0,0.4003198587011539,0.95,0.4851019766848143
488,0.0,0.01,1.0,0.4221808832015208,1.0,0.46380536092599156
489,0.0,0.02,1.0,0.34668723333519186,1.0,0.4701931630838863
490,0.0,0.52,1.0,0.24875372085981573,1.0,0.48221241689170424
491,0.0,0.42,1.0,0.413655538909783,0.25,0.4318905291203744
492,0.0,0.6,0.41,0.4459169305492638,0.24,0.4674481251748274
493,0.0,0.08,0.99,0.2507263294347249,1.0,0.45592223020097483
494,0.0,0.53,1.0,0.011570404194885522,0.0,0.48180678234784385
495,0.0,0.0,0.59,0.4445785608261489,0.01,0.4632361300087533
496,0.0,0.09,1.0,0.4221808832015208,1.0,0.4696350270187442
497,0.0,0.11,1.0,0.29599170668501484,1.0,0.4665065651637328
498,0.0,0.13,0.27,0.2939609268454136,0.07,0.47578439701433095
499,0.0,0.02,1.0,0.35336227630453204,0.0,0.468820035318477
500,0.0,0.74,1.0,0.27936253271158507,0.14,0.4918251227078495
501,0.01,0.38,0.95,0.45924410664384596,0.96,0.4792665760941557
502,0.0,0.39,0.15,0.29599170668501484,1.0,0.4758709187240395
503,0.0,0.06,1.0,0.011570404194885522,1.0,0.46803905899964376
504,0.0,0.16,1.0,0.41035479877804587,1.0,0.46964979927291317
505,0.0,0.76,0.94,0.33427001537008416,0.19,0.4851763577230874
506,0.0,0.32,0.99,0.2575027907876169,0.92,0.47638514481958744
507,0.0,0.95,0.68,0.4221808832015208,0.0,0.4918560496093995
508,0.0,0.02,0.93,0.4471185174042534,0.9,0.4568077877706377
509,0.0,0.4,1.0,0.28019864782398896,0.66,0.4611080048608392
510,0.0,0.41,0.44,0.3664173013573064,0.26,0.4726264305263767
511,0.0,0.02,1.0,0.401037946129842,0.94,0.46449171219557184
512,0.0,0.14,1.0,0.41035479877804587,1.0,0.4744786999343461
513,0.0,0.54,1.0,0.2629996400522628,0.0,0.4870010330164443
514,0.0,0.47,0.83,0.4390338954061107,0.86,0.4845722086850893
515,0.0,0.0,0.0,0.3866678718621428,0.0,0.43749466434889395
516,0.0,0.13,0.92,0.34668723333519186,0.99,0.47372619543108835
517,0.0,0.12,1.0,0.33427001537008416,1.0,0.46995951764357435
518,0.0,0.7,0.23,0.011570404194885522,0.09,0.48812053923569015
519,0.0,0.64,1.0,0.29599170668501484,0.0,0.4842268511556029
520,0.0,0.4,0.18,0.34668723333519186,0.03,0.4819407565975894
521,0.0,0.67,0.45,0.42994872008609253,0.5,0.48813302757007304
522,0.0,0.48,0.83,0.42994872008609253,0.68,0.489960477816114
523,0.0,0.0,0.0,0.42994872008609253,0.02,0.4616748476319711
524,0.0,0.84,1.0,0.17114249627996705,1.0,0.45725017877368795
525,0.0,0.01,1.0,0.19424222427482982,0.0,0.45919480348564273
526,0.0,0.0,0.0,0.3515811831227742,0.0,0.45082738087860175
527,0.0,0.05,0.0,0.4445785608261489,0.0,0.4637923773424748
528,0.0,0.34,0.14,0.011570404194885522,0.05,0.4812932765855833
529,0.0,0.54,1.0,0.34668723333519186,0.0,0.48262772748811683
530,0.0,0.04,0.0,0.4445785608261489,0.0,0.4678085972236366
531,0.0,0.35,0.11,0.34668723333519186,0.05,0.48089402086410005
532,0.0,0.12,0.0,0.4445785608261489,0.0,0.47435441092433556
533,0.01,0.25,0.17,0.4459169305492638,0.58,0.4609656035835824
534,0.0,0.0,1.0,0.011570404194885522,0.0,0.4532338015226634
535,0.0,0.0,1.0,0.4471185174042534,1.0,0.43038781408980287
536,0.05,0.45,0.0,0.44409347229684815,0.0,0.46701668573593663
537,0.01,0.0,0.03,0.4471185174042534,0.22,0.44736270041744447
538,0.0,0.78,0.98,0.4203819499447943,0.0,0.47800187533515964
539,0.0,0.65,1.0,0.4221808832015208,0.95,0.483957809242363
540,0.0,0.7,1.0,0.19991324877057545,1.0,0.4835269293512588
541,0.0,0.19,0.97,0.4471185174042534,0.0,0.473400883702922
542,0.0,0.09,0.03,0.4444629654360609,0.15,0.46150541235231557
543,0.0,0.95,1.0,0.33427001537008416,0.03,0.48517808652684274
544,0.0,0.26,0.99,0.34668723333519186,0.0,0.47612269111629146
545,0.0,0.81,0.89,0.011570404194885522,0.0,0.48592962660472083
546,0.0,0.27,1.0,0.17114249627996705,1.0,0.45195241711785294
547,0.0,0.47,0.25,0.3037973838992398,0.34,0.4816751829681218
548,0.0,0.23,1.0,0.17114249627996705,0.6,0.45757001429230415
549,0.0,0.72,0.68,0.3664173013573064,0.44,0.48222938963231365
550,0.0,0.1,0.63,0.24041136810680813,0.0,0.4668192120358633
551,0.0,0.05,0.0,0.3037973838992398,0.01,0.4657705966101261
552,0.0,0.22,1.0,0.33427001537008416,1.0,0.47856702808313173
553,0.0,0.3,1.0,0.2939609268454136,0.07,0.4804306632002227
554,0.0,0.5,0.99,0.4160053826843171,0.57,0.47658275566337915
555,0.0,0.03,1.0,0.44291726262429065,1.0,0.46741147883429884
556,0.0,0.01,0.97,0.2575027907876169,0.1,0.4548122668860229
557,0.0,0.24,0.25,0.27936253271158507,0.13,0.4683952140630996
558,0.0,0.11,0.91,0.4160053826843171,0.0,0.47715999031223905
559,0.14,0.83,0.93,0.4312010032706227,0.0,0.4795376238701434
560,0.0,0.59,0.75,0.4497689309305596,0.58,0.44145507033480075
561,0.0,0.98,0.8,0.4471185174042534,0.9,0.4733170296429614
562,0.0,0.55,0.26,0.4003198587011539,0.03,0.4866254681137929
563,0.01,0.0,0.99,0.4459169305492638,1.0,0.40738516601782365
564,0.0,0.71,1.0,0.2939609268454136,0.0,0.4905629676618525
565,0.0,0.23,0.2,0.3037973838992398,0.09,0.4790311507179958
566,0.01,0.0,1.0,0.4444629654360609,1.0,0.42410847540943003
567,0.0,0.1,0.0,0.34668723333519186,0.0,0.46719210031897107
568,0.0,0.59,0.41,0.42620415604858575,0.89,0.4847405588581635
569,0.0,0.54,0.41,0.3664173013573064,0.24,0.4809817521296278
570,0.0,0.91,1.0,0.28019864782398896,1.0,0.4673910415105979
571,0.0,0.44,1.0,0.27936253271158507,0.99,0.48054646789743055
572,0.0,0.68,1.0,0.28019864782398896,0.7,0.4668114197771937
573,0.0,0.0,0.0,0.34668723333519186,0.0,0.4603173530362946
574,0.0,0.01,1.0,0.4471185174042534,1.0,0.45772656378532584
575,0.0,0.44,0.33,0.4203819499447943,0.79,0.4813801146336985
576,0.0,0.15,0.63,0.4459169305492638,0.56,0.46224968740702377
577,0.0,0.0,0.0,0.2939609268454136,0.0,0.45560187020594534
578,0.0,0.04,0.9,0.2939609268454136,0.0,0.4675960549072291
579,0.0,0.9,1.0,0.4003198587011539,0.0,0.4923700252249923
580,0.01,0.09,0.0,0.44409347229684815,0.14,0.4588955016281871
581,0.0,0.04,0.84,0.4390685926506843,0.38,0.43300887707338775
582,0.0,0.52,0.15,0.3664173013573064,0.0,0.4782338093547855
583,0.0,0.95,1.0,0.3515811831227742,0.98,0.48510239513276937
584,0.0,0.0,0.0,0.34668723333519186,0.0,0.4515348881304789
585,0.0,0.0,1.0,0.3921430315855237,1.0,0.4067378621591532
586,0.0,0.86,1.0,0.4445785608261489,0.98,0.4919360500261786
587,0.0,0.63,1.0,0.34635163309593264,0.02,0.487043215086032
588,0.0,0.28,0.88,0.011570404194885522,0.0,0.4754145266522066
589,0.0,0.37,1.0,0.34668723333519186,1.0,0.4807336713490943
590,0.0,0.99,0.96,0.3842910730078735,0.56,0.49103990838924766
591,0.01,0.35,0.61,0.4445785608261489,0.19,0.48463972012772666
592,0.0,0.91,1.0,0.34668723333519186,0.88,0.48286884406607145
593,0.0,0.97,1.0,0.28019864782398896,0.0,0.4673954686620165
594,0.0,0.1,0.67,0.2575027907876169,0.0,0.47268294178918413
595,0.03,0.82,0.53,0.4440890314168506,0.66,0.4703503787466317
596,0.0,0.15,0.97,0.3037973838992398,1.0,0.47536130109575814
597,0.0,0.68,0.83,0.4003198587011539,0.0,0.48830503438554507
598,0.0,0.55,0.73,0.44336770622789207,0.85,0.48566951790023666
599,0.0,0.55,0.36,0.33427001537008416,0.02,0.47820742935417604
600,0.0,0.4,0.52,0.011570404194885522,0.0,0.4752986737897689
601,0.0,0.0,0.0,0.34668723333519186,0.0,0.4472773398963215
602,0.0,0.91,0.92,0.42620415604858575,0.0,0.4865209143970644
603,0.0,0.71,0.98,0.43439037650452655,1.0,0.4896871887917932
604,0.0,0.1,0.98,0.4471185174042534,1.0,0.459335375855705
605,0.0,0.98,0.98,0.41834966156673536,0.03,0.4723289556545226
606,0.0,0.17,1.0,0.413655538909783,0.94,0.4651228201098059
607,0.0,0.0,0.0,0.3866678718621428,0.09,0.4559532894753168
608,0.0,0.34,1.0,0.35336227630453204,0.0,0.4744173139196192
609,0.0,0.66,0.0,0.4459169305492638,0.08,0.4673122277178623
610,0.0,0.98,0.89,0.36270248078570366,1.0,0.49372278274216913
611,0.0,0.01,0.81,0.413655538909783,0.64,0.45307477225581017
612,0.0,0.59,1.0,0.29599170668501484,0.44,0.4842051403436367
613,0.02,0.0,1.0,0.4444629654360609,1.0,0.45256169509723754
614,0.0,0.34,0.82,0.4203819499447943,0.58,0.4761953877606719
615,0.0,0.07,0.06,0.4045681038564729,0.04,0.4691684257711644
616,0.0,0.15,0.0,0.4459169305492638,0.0,0.46098020654180005
617,0.0,0.64,0.94,0.40571339932662137,0.02,0.46815866877849704
618,0.0,0.4,1.0,0.011570404194885522,0.0,0.48027447677095747
619,0.0,0.19,1.0,0.413655538909783,0.98,0.46988963357006425
620,0.0,0.73,1.0,0.3037973838992398,1.0,0.48847907484178166
621,0.0,0.42,1.0,0.4471185174042534,1.0,0.47054245401406003
622,0.0,0.3,1.0,0.44336770622789207,1.0,0.48295402497451084
623,0.0,0.17,1.0,0.44336770622789207,1.0,0.4755754861213038
624,0.0,0.07,0.43,0.27936253271158507,0.0,0.4678178005707449
625,0.0,0.03,0.66,0.35336227630453204,0.81,0.4613087095887203
626,0.0,0.09,0.3,0.27936253271158507,0.6,0.467819643344809
627,0.0,0.12,1.0,0.3664173013573064,1.0,0.46796689302282773
628,0.0,0.67,1.0,0.4003198587011539,0.0,0.4914136402513467
629,0.0,0.82,0.98,0.3037973838992398,0.47,0.49214264717377465
630,0.0,0.59,1.0,0.3921430315855237,1.0,0.47669265750696743
631,0.0,0.06,0.0,0.4471185174042534,0.0,0.45303665026526097
632,0.0,0.9,0.28,0.44173859166662993,0.32,0.4983155971007287
633,0.0,0.0,0.66,0.2575027907876169,0.38,0.43559626496725334
634,0.0,0.79,0.85,0.011570404194885522,0.02,0.48437516844052714
635,0.0,0.62,0.95,0.011570404194885522,0.01,0.48269862142665904
636,0.0,0.49,1.0,0.35336227630453204,0.0,0.47529367894517355
637,0.0,0.0,1.0,0.401037946129842,0.88,0.4585258809469777
638,0.0,0.26,0.4,0.4343244128524685,0.0,0.4775797924516021
639,0.0,0.14,1.0,0.33427001537008416,1.0,0.46413662988023424
640,0.0,0.36,0.21,0.29599170668501484,0.12,0.4818107487713838
641,0.0,0.32,0.38,0.3842910730078735,0.32,0.47809895383802176
642,0.0,0.04,0.0,0.3921430315855237,0.0,0.45640035900928694
643,0.0,0.43,1.0,0.40571339932662137,1.0,0.474052249683183
644,0.0,0.04,0.71,0.011570404194885522,0.81,0.4670825681656291
645,0.0,0.53,1.0,0.33427001537008416,0.0,0.4764814965823085
646,0.0,0.91,0.52,0.3842910730078735,0.6,0.48914740416617386
647,0.0,0.12,0.12,0.44336770622789207,0.64,0.4756377345622374
648,0.0,0.25,0.06,0.29599170668501484,0.0,0.4745572160533232
649,0.0,0.47,0.21,0.42994872008609253,0.0,0.48061444305992496
650,0.0,0.05,0.99,0.40571339932662137,0.74,0.45387262208048534
651,0.0,0.0,0.56,0.28019864782398896,0.35,0.434240355552516
652,0.0,0.71,1.0,0.3197595126087458,0.99,0.4909840651802638
653,0.0,0.47,1.0,0.34635163309593264,0.0,0.48589938689756157
654,0.0,0.04,0.08,0.3664173013573064,0.11,0.4515388074943425
655,0.0,0.01,0.0,0.413655538909783,0.0,0.4589754481084535
656,0.0,0.17,0.0,0.4471185174042534,0.0,0.4658011657307302
657,0.0,0.6,0.98,0.4390685926506843,0.99,0.47172339452491263
658,0.0,0.74,0.04,0.4003198587011539,0.83,0.49100609864663347
659,0.0,0.89,1.0,0.29599170668501484,1.0,0.48419599622493054
660,0.0,0.13,1.0,0.24875372085981573,1.0,0.47074591286903844
661,0.0,0.2,0.0,0.4343244128524685,0.0,0.48085890479426435
662,0.0,0.24,0.0,0.34668723333519186,0.0,0.4717061084428552
663,0.0,0.74,1.0,0.3037973838992398,0.92,0.4915505974454912
664,0.0,0.01,0.0,0.4444629654360609,0.0,0.44810920895962475
665,0.0,0.12,1.0,0.17114249627996705,0.0,0.458550599912081
666,0.0,0.65,0.84,0.4160053826843171,0.0,0.4834743455974862
667,0.0,0.14,0.05,0.4003198587011539,0.04,0.47120039950557396
668,0.0,0.34,1.0,0.41035479877804587,1.0,0.4818638279199255
669,0.0,0.56,1.0,0.4316740263281046,0.62,0.4846817416862111
670,0.0,0.49,1.0,0.43439037650452655,0.95,0.4871038294534444
671,0.0,0.0,1.0,0.35336227630453204,0.0,0.4614755525199072
672,0.0,0.15,1.0,0.19424222427482982,0.6,0.47138089194407934
673,0.0,0.99,1.0,0.40481432585906524,0.01,0.4881432235469558
674,0.0,0.62,1.0,0.33427001537008416,0.98,0.48529889377823276
675,0.0,0.49,0.31,0.44291726262429065,0.59,0.4907754039750316
676,0.0,1.0,1.0,0.2575027907876169,0.22,0.4762845810821765
677,0.0,0.82,1.0,0.4003198587011539,1.0,0.4890052145374188
678,0.0,0.86,1.0,0.3037973838992398,0.94,0.4970352329682182
679,0.02,0.46,1.0,0.44409347229684815,0.99,0.474172227594783
680,0.0,0.0,0.6,0.3866678718621428,0.63,0.4498497291258318
681,0.0,0.64,1.0,0.33427001537008416,1.0,0.4803310354751083
682,0.0,0.11,0.77,0.011570404194885522,0.23,0.4719079654024782
683,0.0,0.31,0.02,0.4471185174042534,0.06,0.46698440438305855
684,0.0,0.04,0.0,0.450465260435319,0.0,0.45649322350587773
685,0.0,0.51,0.01,0.3921430315855237,0.01,0.4792695404720653
686,0.0,0.45,0.84,0.4343244128524685,0.0,0.4801759660152754
687,0.0,0.71,1.0,0.011570404194885522,0.0,0.48822366051384
688,0.0,0.97,1.0,0.33427001537008416,0.97,0.4851809247371622
689,0.02,0.02,0.0,0.44409347229684815,0.0,0.45602148200069165
690,0.0,0.63,0.07,0.2575027907876169,0.7,0.47643104612335746
691,0.0,0.28,1.0,0.4115462275778437,0.99,0.45829901516291416
692,0.0,0.89,1.0,0.19424222427482982,0.05,0.492477852244467
693,0.0,0.49,0.81,0.4390338954061107,0.0,0.48914656534846457
694,0.0,0.0,0.14,0.28019864782398896,0.5,0.41475732229786105
695,0.0,0.02,0.0,0.4221808832015208,0.0,0.4603287003375391
696,0.0,0.11,1.0,0.3037973838992398,1.0,0.46584527323126285
697,0.0,0.78,0.54,0.43191747682128684,0.42,0.4933654220776984
698,0.01,0.46,0.93,0.4445785608261489,0.01,0.482619527687911
699,0.0,0.61,0.82,0.4459169305492638,0.01,0.4606733643943752
700,0.0,0.61,0.99,0.011570404194885522,0.0,0.4791575043063627
701,0.01,0.0,0.93,0.4471185174042534,0.0,0.41837766470948246
702,0.0,0.12,1.0,0.17264632361215881,0.04,0.4649816773675177
703,0.0,0.15,0.89,0.27936253271158507,0.14,0.47409721971967017
704,0.0,0.74,0.06,0.3842910730078735,0.15,0.48603042566365473
705,0.0,0.73,0.31,0.4003198587011539,0.67,0.4900468422740268
706,0.0,0.46,1.0,0.33427001537008416,1.0,0.47955380051951824
707,0.0,0.89,0.82,0.3664173013573064,0.0,0.4822492357515026
708,0.01,0.33,0.59,0.4445785608261489,0.74,0.4838804789640215
709,0.0,0.09,0.09,0.34668723333519186,0.04,0.4768490415859457
710,0.0,0.31,1.0,0.2629996400522628,0.7,0.48125340787305343
711,0.0,0.28,0.86,0.4203819499447943,0.73,0.4685813011824896
712,0.01,0.06,0.45,0.4445785608261489,0.0,0.46697453568615294
713,0.01,0.56,0.83,0.4459169305492638,0.53,0.46744854115056267
714,0.0,0.03,0.46,0.3037973838992398,0.26,0.4661875691026008
715,0.0,0.22,0.39,0.35336227630453204,0.1,0.4736022801705002
716,0.0,0.13,0.98,0.42620415604858575,0.23,0.47558919786313714
717,0.0,0.94,1.0,0.4471185174042534,1.0,0.473318923555481
718,0.0,0.66,1.0,0.35336227630453204,0.97,0.4762695640405767
719,0.0,0.21,1.0,0.2939609268454136,0.0,0.47650122446233856
720,0.0,0.01,1.0,0.35336227630453204,1.0,0.47037339075090273
721,0.0,0.01,0.56,0.2575027907876169,0.0,0.4671432255783422
722,0.0,0.58,0.14,0.4221808832015208,0.0,0.4841784384288164
723,0.0,0.01,0.0,0.401037946129842,0.0,0.45755785487842593
724,0.0,0.01,1.0,0.28019864782398896,1.0,0.44586464003590554
725,0.01,0.31,0.94,0.4444629654360609,0.79,0.4612213779456787
726,0.0,0.32,0.0,0.34668723333519186,0.0,0.4718178984751417
727,0.0,0.1,0.27,0.29599170668501484,0.0,0.47065008978199535
728,0.0,0.63,0.99,0.27936253271158507,0.94,0.480163927083691
729,0.0,0.1,0.92,0.4445785608261489,0.74,0.4758053501681965
730,0.0,0.13,0.25,0.4045681038564729,0.05,0.4738958950893073
731,0.0,0.0,0.0,0.3037973838992398,0.0,0.45550267644625514
732,0.0,0.09,0.01,0.3037973838992398,0.15,0.4712675495928312
733,0.0,0.66,0.54,0.4390685926506843,0.32,0.47277069441151864
734,0.0,0.65,0.45,0.4390685926506843,0.39,0.4707865407705124
735,0.0,0.03,1.0,0.29599170668501484,1.0,0.43718527133559515
736,0.0,0.57,0.98,0.413655538909783,1.0,0.4703874561421091
737,0.0,0.19,1.0,0.24875372085981573,1.0,0.47865746089217925
738,0.0,0.29,1.0,0.33427001537008416,1.0,0.4735176519702492
739,0.0,0.04,0.0,0.34668723333519186,0.0,0.46648492220210386
740,0.0,0.22,1.0,0.34668723333519186,0.0,0.4802670432371091
741,0.0,0.85,0.28,0.3633680455868924,0.3,0.48063522359846345
742,0.01,0.0,1.0,0.4444629654360609,1.0,0.4302196146368065
743,0.0,0.1,0.54,0.40571339932662137,0.7,0.4539738328481631
744,0.0,0.74,1.0,0.4160053826843171,0.65,0.4881343133591968
745,0.0,0.23,1.0,0.29599170668501484,1.0,0.4714005254539388
746,0.0,0.62,0.99,0.28019864782398896,1.0,0.46305688212591384
747,0.0,0.02,0.87,0.2575027907876169,0.0,0.4719912163439412
748,0.0,0.19,0.51,0.4203819499447943,0.23,0.45171536623731795
749,0.0,0.41,0.98,0.4003198587011539,0.81,0.48345106160075824
750,0.0,0.23,0.99,0.35336227630453204,0.0,0.4749050302815618
751,0.0,0.75,0.56,0.4471185174042534,0.64,0.47012485778993746
752,0.0,0.05,0.91,0.4471185174042534,0.62,0.45771495871466333
753,0.0,0.25,0.0,0.42994872008609253,0.0,0.47644847646585925
754,0.0,0.18,1.0,0.011570404194885522,0.0,0.47269232103060504
755,0.02,0.53,0.01,0.4445785608261489,0.0,0.48156146066496075
756,0.0,0.81,0.19,0.3664173013573064,0.0,0.4822191361832103
757,0.0,0.07,1.0,0.35336227630453204,0.0,0.47441108734487686
758,0.0,0.09,1.0,0.2939609268454136,0.91,0.47566715030123086
759,0.0,0.12,0.67,0.24954298511879025,0.56,0.4631548556519186
760,0.0,0.35,0.73,0.4471185174042534,0.97,0.47376165748164323
761,0.0,0.06,1.0,0.29599170668501484,1.0,0.46569758323366256
762,0.0,0.43,0.9,0.3842910730078735,0.18,0.4826090836788885
763,0.0,0.82,1.0,0.35336227630453204,0.0,0.47618191396149573
764,0.0,0.89,0.17,0.3842910730078735,0.0,0.4911068330312524
765,0.0,0.88,0.85,0.42620415604858575,0.32,0.48561700260538326
766,0.0,0.26,0.02,0.3037973838992398,0.03,0.47674740647402314
767,0.01,0.03,0.2,0.4459169305492638,0.32,0.45159920031149764
768,0.0,0.67,0.98,0.33427001537008416,0.56,0.485180430512007
769,0.0,0.47,0.27,0.42994872008609253,0.89,0.4866998809700702
770,0.0,0.6,0.95,0.4160053826843171,0.0,0.4845805915928589
771,0.0,0.96,1.0,0.05865837488511844,0.9,0.4604742502942914
772,0.0,0.22,0.01,0.3037973838992398,0.03,0.47579104980931897
773,0.0,0.78,1.0,0.011570404194885522,0.0,0.4817068713828219
774,0.0,0.46,1.0,0.29599170668501484,1.0,0.4785780184479455
775,0.0,0.0,0.96,0.3515811831227742,0.99,0.4542445259591599
776,0.0,0.64,1.0,0.24875372085981573,1.0,0.47826674811303455
777,0.0,0.66,0.96,0.3037973838992398,0.99,0.4882428510408788
778,0.0,0.96,1.0,0.33427001537008416,1.0,0.48461277533395986
779,0.0,0.15,1.0,0.35336227630453204,1.0,0.47496436740885223
780,0.0,0.84,1.0,0.28019864782398896,1.0,0.467144388821942
781,0.0,0.02,1.0,0.4471185174042534,1.0,0.45823219770542706
782,0.0,0.17,0.88,0.43439037650452655,1.0,0.475946031730488
783,0.0,0.89,0.62,0.011570404194885522,0.27,0.48815167420206085
784,0.0,0.06,0.0,0.4471185174042534,0.0,0.4656271932771256
785,0.0,0.26,0.39,0.4459169305492638,0.57,0.4674217579061521
786,0.0,0.78,1.0,0.29599170668501484,1.0,0.4827363645037097
787,0.0,0.45,0.97,0.3664173013573064,0.92,0.4769705520625064
788,0.0,0.3,1.0,0.413655538909783,0.0,0.47034556863582544
789,0.0,0.53,0.53,0.4440890314168506,0.58,0.47143816964207524
790,0.0,0.22,0.0,0.2575027907876169,0.02,0.47497656533077487
791,0.0,0.8,0.29,0.4328971744843584,0.85,0.48097379015132036
792,0.0,0.69,1.0,0.011570404194885522,0.83,0.4838857703813101
793,0.01,0.47,0.51,0.4444629654360609,0.0,0.46694352882333123
794,0.01,0.02,1.0,0.4444629654360609,1.0,0.45096162812991314
795,0.0,0.03,1.0,0.401037946129842,1.0,0.46534841166371366
796,0.0,0.8,0.85,0.3037973838992398,0.99,0.4905127046173105
797,0.04,0.58,0.65,0.4440890314168506,0.69,0.47151470861118566
798,0.0,0.21,1.0,0.011570404194885522,0.0,0.477931569559052
799,0.0,0.9,0.53,0.44291726262429065,0.7,0.48815810959830713
800,0.0,0.01,0.1,0.3921430315855237,0.18,0.461047731165635
801,0.0,0.63,0.98,0.3842910730078735,0.0,0.4882716672766997
802,0.0,0.47,0.07,0.011570404194885522,0.79,0.48553507179745425
803,0.0,0.46,0.74,0.4328971744843584,0.95,0.48261834047495344
804,0.0,0.25,1.0,0.35336227630453204,0.0,0.4754411194734751
805,0.0,0.77,0.0,0.17114249627996705,0.45,0.45751073855295415
806,0.0,0.0,0.46,0.24041136810680813,0.95,0.4344423021055054
807,0.0,0.43,1.0,0.33427001537008416,0.97,0.47272176556613854
808,0.0,0.07,1.0,0.3921430315855237,0.85,0.4753118077213161
809,0.0,0.61,0.98,0.24875372085981573,0.96,0.481677342265554
810,0.0,0.65,1.0,0.2629996400522628,0.0,0.4861358926404744
811,0.0,0.49,1.0,0.29599170668501484,1.0,0.4784770663046054
812,0.0,0.18,1.0,0.28019864782398896,0.03,0.4562938187594645
813,0.0,0.52,1.0,0.29599170668501484,1.0,0.4764523676401067
814,0.0,0.38,0.99,0.42620415604858575,0.93,0.482031272187223
815,0.0,0.2,0.01,0.33427001537008416,0.0,0.47688982226916415
816,0.0,0.83,1.0,0.2939609268454136,1.0,0.49264306275938197
817,0.0,0.34,0.58,0.3037973838992398,0.57,0.47991189726016875
818,0.0,0.07,0.27,0.19424222427482982,0.11,0.46497120939717557
819,0.0,0.94,1.0,0.33427001537008416,0.0,0.4849853300065133
820,0.0,0.28,0.93,0.3664173013573064,0.47,0.48220911011585216
821,0.0,0.33,0.11,0.4003198587011539,0.0,0.4795641603488607
822,0.0,0.62,0.69,0.17114249627996705,0.05,0.4574482402309763
823,0.0,0.82,0.07,0.42994872008609253,0.52,0.48795947837837644
824,0.0,0.54,1.0,0.4471185174042534,0.37,0.4689633156338375
825,0.0,0.53,0.92,0.42620415604858575,0.07,0.48481028044435515
826,0.0,0.96,1.0,0.4045681038564729,1.0,0.4936971183939617
827,0.02,0.26,0.96,0.45924410664384596,0.99,0.4700770457775848
828,0.0,0.95,1.0,0.28019864782398896,0.17,0.4669886143195803
829,0.0,0.41,0.54,0.4471185174042534,0.2,0.46460596891708117
830,0.0,0.01,0.16,0.29599170668501484,0.99,0.42217301918012223
831,0.0,0.43,1.0,0.4003198587011539,0.98,0.47909828067939664
832,0.0,0.36,0.81,0.4390685926506843,0.54,0.4648557439105955
833,0.0,0.09,0.74,0.24041136810680813,0.39,0.473368444528282
834,0.0,0.67,1.0,0.24041136810680813,0.58,0.47663926448084154
835,0.0,0.34,0.97,0.3664173013573064,0.03,0.4723046294500266
836,0.0,0.26,1.0,0.413655538909783,1.0,0.46366567871336534
837,0.0,0.82,0.99,0.3037973838992398,0.0,0.49106630326007017
838,0.0,0.71,0.95,0.4459169305492638,0.99,0.46568668500844407
839,0.0,0.73,1.0,0.44336770622789207,0.96,0.4878096808458644
840,0.0,0.02,0.0,0.27936253271158507,0.0,0.46974253022116885
841,0.0,0.54,0.85,0.43191747682128684,0.0,0.4847798328359209
842,0.0,0.61,0.96,0.4444629654360609,0.99,0.467324841760702
843,0.0,0.59,0.39,0.011570404194885522,0.13,0.4881445490082651
844,0.0,0.69,0.3,0.4459169305492638,0.39,0.45664957126016376
845,0.0,0.07,0.98,0.011570404194885522,0.1,0.47449971413139924
846,0.0,0.06,0.82,0.2575027907876169,0.92,0.47241852572141424
847,0.0,0.02,1.0,0.3866678718621428,0.0,0.4690297371875493
848,0.0,0.02,0.0,0.4459169305492638,0.0,0.4467492323969388
849,0.0,0.13,0.0,0.3664173013573064,0.29,0.46719725830440356
850,0.0,0.04,1.0,0.29599170668501484,1.0,0.46139715269039405
851,0.0,0.38,0.76,0.44173859166662993,0.73,0.48328701131337726
852,0.02,0.08,0.57,0.4445785608261489,0.22,0.47130240633719694
853,0.0,0.54,0.97,0.4474645691824016,0.9,0.48859956217965367
854,0.0,0.43,1.0,0.4471185174042534,1.0,0.4724160421415277
855,0.0,0.14,0.89,0.4459169305492638,0.82,0.4679677395050579
856,0.0,0.73,1.0,0.29599170668501484,1.0,0.48418836482074357
857,0.0,0.8,0.22,0.40571339932662137,0.89,0.47727649072950423
858,0.0,0.76,1.0,0.011570404194885522,1.0,0.4844705189465779
859,0.0,0.9,0.99,0.4160053826843171,0.9,0.48652055788650334
860,0.0,0.06,0.97,0.27936253271158507,0.0,0.4688323473801852
861,0.0,0.0,0.67,0.29599170668501484,0.95,0.4550959643571557
862,0.0,0.98,1.0,0.34668723333519186,0.06,0.48411795008568814
863,0.0,0.03,1.0,0.33427001537008416,1.0,0.4699073549260876
864,0.0,0.69,0.8,0.29599170668501484,0.81,0.48419025330466253
865,0.0,0.01,1.0,0.35336227630453204,0.0,0.47210499723929683
866,0.0,0.69,0.97,0.011570404194885522,0.0,0.48598459662765436
867,0.0,0.16,0.99,0.4444629654360609,0.68,0.4564798778400964
868,0.0,0.81,0.81,0.4471185174042534,0.0,0.4731479697330903
869,0.0,0.0,0.84,0.011570404194885522,0.89,0.4524981023093862
870,0.0,0.0,0.87,0.2507263294347249,0.45,0.4486985118402477
871,0.0,0.74,0.84,0.3037973838992398,0.99,0.4892159375188481
872,0.0,0.56,0.91,0.45924410664384596,0.99,0.4744421995712136
873,0.0,0.07,0.98,0.25863988183350833,0.71,0.4691536201645778
874,0.0,0.87,0.66,0.4390338954061107,0.33,0.4942764855296429
875,0.0,0.39,0.85,0.3921430315855237,0.81,0.476956438938727
876,0.0,0.11,0.98,0.27936253271158507,0.98,0.4733901039116168
877,0.01,0.92,0.29,0.4459169305492638,0.93,0.4670896335575147
878,0.01,0.01,0.0,0.4459169305492638,0.0,0.4548021327188318
879,0.0,0.0,1.0,0.4445785608261489,0.0,0.4560340709941265
880,0.0,0.79,0.99,0.29599170668501484,0.64,0.48419362036559527
881,0.0,0.45,0.11,0.34668723333519186,0.01,0.47705111585451937
882,0.0,0.3,0.0,0.42620415604858575,0.0,0.4759023843826584
883,0.0,0.68,0.56,0.34668723333519186,0.58,0.4841932291940122
884,0.0,0.0,0.51,0.17264632361215881,0.16,0.45384612838041616
885,0.0,0.35,1.0,0.24041136810680813,1.0,0.4762680959570799
886,0.0,0.2,0.46,0.43191747682128684,0.0,0.4757315296161417
887,0.0,0.29,1.0,0.42620415604858575,1.0,0.47986909331377814
888,0.0,0.84,0.0,0.4471185174042534,0.0,0.4733195826443727
889,0.0,0.38,1.0,0.35336227630453204,0.96,0.47262745676637674
890,0.0,0.58,0.25,0.42994872008609253,0.0,0.4846583587460851
891,0.0,0.0,0.0,0.3984825642725378,0.0,0.4558259136311891
892,0.0,0.15,0.0,0.4203819499447943,0.0,0.46782511924538367
893,0.0,0.15,1.0,0.34668723333519186,0.0,0.4817357987712022
894,0.0,0.82,0.43,0.44291726262429065,0.85,0.4911087667046001
895,0.0,0.05,0.25,0.44173859166662993,0.43,0.47348960111302535
896,0.0,0.11,1.0,0.34668723333519186,1.0,0.4785565877122792
897,0.0,0.18,0.01,0.3664173013573064,0.0,0.4796313219911432
898,0.0,0.94,1.0,0.4160053826843171,0.99,0.4859943488785687
899,0.0,0.16,0.8,0.44291726262429065,0.2,0.4748318141495778
900,0.0,0.06,0.72,0.25863988183350833,0.44,0.4862363372409069
901,0.0,0.0,0.05,0.3921430315855237,0.0,0.44428140670137284
902,0.0,0.11,0.99,0.4390338954061107,1.0,0.4735228118167676
903,0.0,0.18,1.0,0.3664173013573064,1.0,0.46914053970017106
904,0.0,0.42,0.94,0.3037973838992398,1.0,0.47683128970052124
905,0.0,0.94,1.0,0.4115462275778437,0.95,0.4624429431501792
906,0.0,0.0,1.0,0.011570404194885522,0.0,0.45024160475441777
907,0.0,0.71,0.98,0.4316740263281046,0.17,0.4898191320340316
908,0.0,0.34,0.12,0.4444629654360609,0.36,0.4609010952234056
909,0.0,0.01,0.29,0.35336227630453204,0.53,0.4621632779840374
910,0.0,0.5,0.95,0.43439037650452655,1.0,0.4858224239414916
911,0.0,0.73,0.96,0.3664173013573064,0.96,0.4818301745423271
912,0.0,0.77,1.0,0.011570404194885522,0.0,0.4863245913083801
913,0.0,0.1,0.0,0.40571339932662137,0.04,0.46663270255926115
914,0.0,0.88,1.0,0.29599170668501484,0.05,0.4831306484655919
915,0.0,0.88,0.94,0.42620415604858575,0.0,0.48655633148489297
916,0.0,0.79,1.0,0.28019864782398896,0.62,0.46741068155065585
917,0.0,0.49,0.66,0.33427001537008416,0.43,0.47917550123198166
918,0.0,0.53,0.97,0.3037973838992398,0.23,0.48828606910772643
919,0.0,0.77,1.0,0.401037946129842,0.86,0.4862709112792539
920,0.0,0.13,1.0,0.3664173013573064,0.46,0.4346073773145388
921,0.0,0.58,0.17,0.4459169305492638,0.26,0.46762241704201124
922,0.0,0.33,1.0,0.40571339932662137,1.0,0.4704439667296037
923,0.0,0.88,0.58,0.40571339932662137,0.65,0.4769281547688279
924,0.0,0.73,0.22,0.33427001537008416,0.79,0.48134307855283326
925,0.0,0.16,0.35,0.3664173013573064,0.15,0.4699551766397347
926,0.0,0.08,1.0,0.35336227630453204,1.0,0.4733938279288741
927,0.0,0.18,1.0,0.25863988183350833,1.0,0.46224003128019303
928,0.0,0.68,0.86,0.3037973838992398,0.29,0.49072642563191116
929,0.0,0.91,0.88,0.4390685926506843,0.92,0.47209450128291935
930,0.0,0.05,0.0,0.42994872008609253,0.0,0.4712965321049489
931,0.0,0.01,0.7,0.4003198587011539,0.76,0.46375379697828595
932,0.0,0.44,0.24,0.25863988183350833,0.76,0.483353927495768
933,0.0,0.71,0.77,0.2575027907876169,0.85,0.4685900335480068
934,0.0,0.57,0.96,0.24875372085981573,0.23,0.4801934256449264
935,0.01,0.5,0.0,0.4444629654360609,0.0,0.4590211731291073
936,0.01,0.1,0.0,0.44985042244069434,0.0,0.47224425366039147
937,0.0,0.1,0.78,0.3037973838992398,0.26,0.47701771386250136
938,0.0,0.8,1.0,0.3664173013573064,1.0,0.4810359586489578
939,0.0,0.58,0.98,0.4471185174042534,0.8,0.46143958692665915
940,0.0,0.05,0.0,0.4471185174042534,0.0,0.4678142865903453
941,0.0,0.0,0.24,0.4459169305492638,0.06,0.43067817938651326
942,0.0,0.13,0.03,0.4328971744843584,0.0,0.46974387662818035
943,0.0,0.91,1.0,0.35336227630453204,0.99,0.4753049902143555
944,0.0,0.37,0.01,0.4045681038564729,0.01,0.48137946105930207
945,0.0,0.11,1.0,0.35336227630453204,0.0,0.4627832765671163
946,0.0,0.94,0.96,0.17114249627996705,0.59,0.45750999227798644
947,0.0,0.88,1.0,0.29599170668501484,1.0,0.4815650671436293
948,0.0,0.13,1.0,0.28019864782398896,1.0,0.4607999046937046
949,0.0,0.0,0.0,0.413655538909783,0.0,0.4644533328633708
950,0.0,0.95,0.18,0.29599170668501484,0.69,0.48418875255357263
951,0.0,0.02,1.0,0.3664173013573064,0.03,0.47088139485483704
952,0.0,0.0,0.0,0.3037973838992398,0.0,0.4493865835707921
953,0.0,0.16,1.0,0.33427001537008416,0.96,0.4669219712828372
954,0.0,0.61,1.0,0.29599170668501484,1.0,0.47955797825612584
955,0.0,0.81,0.16,0.4445785608261489,0.06,0.4877090680665964
956,0.0,0.36,0.0,0.4160053826843171,0.01,0.48407246162701634
957,0.01,0.21,0.0,0.4459169305492638,0.0,0.46732848003013355
958,0.0,0.01,0.69,0.2939609268454136,0.0,0.45023794920012905
959,0.0,0.81,0.96,0.05865837488511844,0.15,0.4605091176948763
960,0.0,0.0,0.0,0.42994872008609253,0.0,0.43507358731793255
961,0.0,0.02,0.12,0.2575027907876169,0.83,0.46140120740236834
962,0.0,0.12,0.17,0.36270248078570366,0.0,0.4741035361938347
963,0.0,0.91,0.66,0.4316740263281046,0.0,0.4913218719869203
964,0.0,0.77,0.1,0.3037973838992398,0.59,0.48982993786792695
965,0.0,0.88,0.98,0.4003198587011539,0.0,0.49189820269985074
966,0.0,0.0,0.0,0.401037946129842,0.0,0.46777047861449994
967,0.0,0.03,0.14,0.34635163309593264,0.0,0.46542111863805147
968,0.0,0.16,0.4,0.011570404194885522,0.0,0.478925416535507
969,0.0,0.0,0.58,0.4459169305492638,0.47,0.4477100148100215
970,0.0,0.48,0.74,0.35336227630453204,0.91,0.47532141891603424
971,0.0,0.49,0.25,0.4390685926506843,0.01,0.47066258843444275
972,0.03,0.0,0.84,0.4440890314168506,0.64,0.4589994997793886
973,0.0,0.98,1.0,0.35336227630453204,0.9,0.47530088708872587
974,0.0,0.06,1.0,0.24875372085981573,0.97,0.4701162962859378
975,0.0,0.84,0.65,0.3664173013573064,0.05,0.4774066802765092
976,0.0,0.88,0.61,0.4160053826843171,0.01,0.48815279774754006
977,0.0,0.11,0.66,0.35336227630453204,0.4,0.4740752725516937
978,0.0,0.96,0.72,0.4390338954061107,0.99,0.4933782443594765
979,0.0,0.07,1.0,0.2507263294347249,1.0,0.4645559982518272
980,0.0,0.0,0.0,0.3515811831227742,0.0,0.4574353528837795
981,0.0,0.8,1.0,0.33427001537008416,0.96,0.48402325734042984
982,0.0,0.87,1.0,0.33427001537008416,1.0,0.4830393463722824
983,0.0,0.01,1.0,0.29599170668501484,1.0,0.4493541288416222
984,0.0,0.23,1.0,0.3037973838992398,1.0,0.47760526583961505
985,0.0,0.55,0.32,0.42620415604858575,0.86,0.4875360683971407
986,0.0,0.01,0.05,0.2575027907876169,0.09,0.4479917848409419
987,0.0,1.0,1.0,0.35336227630453204,0.21,0.4752987198939781
988,0.0,0.53,0.71,0.33427001537008416,0.0,0.48517220305617176
989,0.0,0.23,0.7,0.3037973838992398,0.35,0.46328063467731445
990,0.0,0.53,0.01,0.34668723333519186,0.0,0.4770726670908636
991,0.0,0.67,1.0,0.4160053826843171,0.01,0.4881710457421118
992,0.0,0.76,0.98,0.4160053826843171,0.09,0.48372515835137697
993,0.0,0.11,1.0,0.011570404194885522,0.0,0.47371976950059763
994,0.0,0.0,1.0,0.19424222427482982,1.0,0.4417891402332282
995,0.0,0.64,0.63,0.34668723333519186,0.0,0.48424123183199663
996,0.0,0.27,1.0,0.24041136810680813,1.0,0.470237001891128
997,0.02,0.4,1.0,0.4440890314168506,0.62,0.47116008241110574
998,0.0,0.13,0.06,0.3664173013573064,0.01,0.42297940974388504
999,0.0,0.13,0.0,0.4221808832015208,0.0,0.47079461621449364
