Seed 151542578965524354365086260366278401783
0,0.0,0.64,0.0,0.4474645691824016,0.0,0.47597299659777054
1,0.0,0.41,0.93,0.43191747682128684,0.88,0.48245336198330924
2,0.0,0.55,0.53,0.3633680455868924,0.76,0.4776119056427185
3,0.0,0.8,0.28,0.2629996400522628,0.2,0.48887949563574973
4,0.0,0.09,0.18,0.28019864782398896,0.0,0.4673518335866281
5,0.0,0.81,1.0,0.4115462275778437,0.0,0.46001782507003774
6,0.0,0.04,0.0,0.3984825642725378,0.0,0.4677573560246651
7,0.0,0.93,1.0,0.05865837488511844,0.04,0.45957813471414405
8,0.04,0.76,0.2,0.4440890314168506,0.25,0.4697987376873761
9,0.0,0.02,0.49,0.19991324877057545,0.36,0.45969693420871843
10,0.0,0.19,0.12,0.05865837488511844,0.54,0.45278808855693675
11,0.0,0.04,0.51,0.44291726262429065,0.52,0.4662676801978739
12,0.08,0.07,1.0,0.4440890314168506,1.0,0.45830120120391304
13,0.0,0.3,0.86,0.36481573241169957,0.0,0.4801097882742206
14,0.0,0.7,0.18,0.450465260435319,0.02,0.4898944561695226
15,0.06,0.35,1.0,0.4440890314168506,1.0,0.46782244064434264
16,0.0,0.35,0.9,0.24041136810680813,0.86,0.4762571539601442
17,0.0,0.64,0.99,0.3984825642725378,1.0,0.48599536561472567
18,0.0,0.42,0.76,0.4160053826843171,0.88,0.48813723593106784
19,0.0,0.03,0.01,0.4343244128524685,0.27,0.46417422128517094
20,0.0,0.22,0.0,0.4445785608261489,0.0,0.47748059253540837
21,0.0,0.44,0.37,0.4328971744843584,0.0,0.4799404307646599
22,0.0,0.02,0.0,0.3984825642725378,0.0,0.46175884413169305
23,0.0,0.64,0.0,0.45924410664384596,0.0,0.4792667338487787
24,0.0,0.03,0.0,0.36270248078570366,0.02,0.4647181576386561
25,0.0,0.76,0.72,0.4465289505538382,0.56,0.48325949527564827
26,0.0,0.09,0.58,0.36270248078570366,0.49,0.46804811911318944
27,0.0,0.39,0.0,0.45707404924940503,0.0,0.47978328484024935
28,0.0,0.0,1.0,0.44336770622789207,1.0,0.4544580941389041
29,0.0,0.43,1.0,0.4316740263281046,1.0,0.4858650432020956
30,0.0,0.44,0.01,0.43191747682128684,0.0,0.4801954620881597
31,0.0,0.33,1.0,0.24041136810680813,1.0,0.4698458582269117
32,0.0,0.14,0.89,0.450465260435319,0.41,0.4774726801266096
33,0.0,0.17,0.99,0.34635163309593264,0.02,0.4751107226903931
34,0.18,0.33,1.0,0.4312010032706227,0.34,0.46908944910811523
35,0.0,0.01,0.0,0.43439037650452655,0.0,0.45448094928331273
36,0.0,0.35,1.0,0.05865837488511844,0.15,0.441648394457919
37,0.0,0.78,0.83,0.4521118672140935,0.29,0.48912913118840023
38,0.0,0.52,0.91,0.4203819499447943,0.15,0.4694209478072143
39,0.0,0.32,1.0,0.05865837488511844,0.0,0.4524806589266213
40,0.0,0.4,0.29,0.24875372085981573,0.0,0.4742283090461572
41,0.0,0.37,0.9,0.4160053826843171,0.79,0.47255105751867255
42,0.0,0.59,1.0,0.3664173013573064,0.88,0.4766625980560752
43,0.0,0.23,0.01,0.4465289505538382,0.03,0.47534309080489706
44,0.0,0.09,0.95,0.4390685926506843,1.0,0.4734522687540145
45,0.0,0.75,0.69,0.4630335088984916,0.46,0.46843768556217236
46,0.0,0.13,0.8,0.36481573241169957,0.99,0.47616765680428746
47,0.01,0.52,0.47,0.45924410664384596,0.06,0.47924319811252086
48,0.0,0.93,0.76,0.12849317335202026,1.0,0.4936407927907221
49,0.0,0.26,0.41,0.41834966156673536,0.53,0.4657895166497139
50,0.0,0.52,0.05,0.4474645691824016,0.9,0.4837983326194902
51,0.0,0.91,1.0,0.3866678718621428,0.76,0.4911061771824555
52,0.0,0.63,0.15,0.4343244128524685,0.26,0.4891233032418948
53,0.0,0.2,1.0,0.43191747682128684,0.6,0.4795092228554449
54,0.0,0.0,1.0,0.43439037650452655,0.72,0.46088215431208396
55,0.0,0.18,1.0,0.4221808832015208,0.94,0.4740639408095888
56,0.0,0.77,1.0,0.24875372085981573,0.99,0.48295585711949046
57,0.0,0.23,1.0,0.4045681038564729,0.0,0.48161895706962166
58,0.0,0.06,1.0,0.24875372085981573,1.0,0.4604619997829146
59,0.01,0.84,0.99,0.4497689309305596,0.95,0.45787633553359136
60,0.0,0.9,0.9,0.3866678718621428,0.13,0.4911080496413998
61,0.0,0.81,0.48,0.44336770622789207,0.93,0.48598823037995026
62,0.0,0.03,1.0,0.44173859166662993,1.0,0.46578895090798383
63,0.0,0.04,1.0,0.40571339932662137,1.0,0.45980273540866823
64,0.0,0.03,0.5,0.43439037650452655,0.91,0.44871072715768856
65,0.0,0.84,1.0,0.4474645691824016,0.88,0.49618095156486797
66,0.0,0.19,0.0,0.3633680455868924,0.21,0.4695642220705865
67,0.0,0.0,0.0,0.44985042244069434,0.0,0.4333033842456901
68,0.0,0.57,1.0,0.25863988183350833,0.91,0.4822849187374988
69,0.0,0.79,1.0,0.40571339932662137,0.0,0.47356738611395466
70,0.0,0.0,1.0,0.17488038557487728,0.0,0.42287121008064493
71,0.0,0.18,0.83,0.36219180442020577,1.0,0.46334847368354554
72,0.01,0.0,0.98,0.4445785608261489,0.97,0.44105519626550943
73,0.0,0.62,0.98,0.4316740263281046,0.38,0.487278373158094
74,0.0,0.3,0.67,0.4497689309305596,0.7,0.4422354894537315
75,0.0,0.37,1.0,0.24875372085981573,1.0,0.473429779901829
76,0.0,0.39,0.0,0.44291726262429065,0.0,0.47905455333380526
77,0.0,0.28,0.58,0.4471185174042534,0.0,0.4650834408269086
78,0.0,0.02,1.0,0.19991324877057545,1.0,0.4685456584834574
79,0.0,0.16,1.0,0.2573193503497552,1.0,0.4747443743356996
80,0.0,0.2,0.0,0.41834966156673536,0.01,0.4662493983499869
81,0.0,0.82,1.0,0.12849317335202026,1.0,0.4887770805157294
82,0.04,0.5,0.99,0.4440890314168506,1.0,0.4683403654179409
83,0.01,0.83,0.59,0.45807812424756494,0.25,0.48184197474682006
84,0.0,0.11,0.78,0.12849317335202026,0.0,0.4754099059096186
85,0.0,0.18,0.82,0.4390685926506843,0.6,0.4732293980899608
86,0.0,0.06,0.95,0.05865837488511844,0.97,0.4593364663069407
87,0.0,0.6,1.0,0.24954298511879025,0.52,0.48872068354757786
88,0.0,0.62,1.0,0.36481573241169957,0.0,0.48891745221897437
89,0.0,0.62,1.0,0.12849317335202026,0.93,0.48958189164551913
90,0.0,0.58,0.88,0.4474645691824016,0.0,0.48453708091165476
91,0.0,0.55,1.0,0.19424222427482982,0.0,0.48750180216630645
92,0.02,0.39,0.98,0.45807812424756494,0.71,0.4826570517638825
93,0.0,0.99,0.82,0.44173859166662993,0.96,0.4978203343672644
94,0.0,0.02,0.1,0.4328507915595176,0.79,0.4558291847606728
95,0.0,0.1,0.0,0.4474645691824016,0.0,0.47037769620574615
96,0.0,0.21,0.91,0.25863988183350833,1.0,0.4810062495089617
97,0.0,0.24,0.0,0.4045681038564729,0.14,0.479757673862433
98,0.0,0.03,0.38,0.43439037650452655,0.94,0.4644164210514105
99,0.0,0.67,0.96,0.36219180442020577,0.99,0.48185942814236465
100,0.0,0.53,0.91,0.3633680455868924,0.91,0.4814966863992779
101,0.0,0.19,0.96,0.05865837488511844,0.96,0.46064708700309576
102,0.0,0.62,0.02,0.4221808832015208,0.0,0.4832433447264628
103,0.0,0.95,0.99,0.40571339932662137,0.72,0.4772770402958414
104,0.0,0.01,0.58,0.36219180442020577,0.44,0.45301623722044965
105,0.0,0.38,0.13,0.24041136810680813,0.22,0.46725037160292376
106,0.0,0.52,0.92,0.4316740263281046,0.17,0.47978263966744267
107,0.0,0.97,1.0,0.28019864782398896,1.0,0.4673556478245884
108,0.15,0.14,0.74,0.4312010032706227,0.77,0.4731109626698939
109,0.0,0.74,1.0,0.24041136810680813,0.92,0.4762833105186753
110,0.0,0.33,1.0,0.24954298511879025,1.0,0.47663914503011856
111,0.0,0.44,0.96,0.44173859166662993,0.72,0.4843076333436352
112,0.01,0.0,0.69,0.4445785608261489,0.23,0.4545387460702935
113,0.0,0.32,1.0,0.41035479877804587,0.99,0.4804181021609397
114,0.0,0.43,0.99,0.4203819499447943,0.0,0.4673777076157046
115,0.0,0.34,0.0,0.41834966156673536,0.0,0.47231437667913434
116,0.0,0.35,1.0,0.07445332205295248,0.0,0.47422390203786396
117,0.0,0.88,0.99,0.4316740263281046,0.04,0.4884510362980902
118,0.0,0.08,1.0,0.17114249627996705,0.0,0.4412039484938447
119,0.0,0.09,1.0,0.29512183989666363,0.0,0.4712469643442543
120,0.0,0.66,1.0,0.4521118672140935,0.98,0.4844815254628253
121,0.0,0.94,0.94,0.4497689309305596,0.99,0.45849812560774506
122,0.0,0.32,0.9,0.40571339932662137,0.65,0.47724948444046794
123,0.0,0.01,0.0,0.450465260435319,0.0,0.46069520006548503
124,0.0,0.92,0.95,0.3921430315855237,0.0,0.4863087115977027
125,0.0,0.3,0.0,0.4474645691824016,0.0,0.4797185169125891
126,0.0,0.35,0.99,0.3984825642725378,0.0,0.48189034259918606
127,0.0,0.42,0.98,0.2507263294347249,0.75,0.47168880684881703
128,0.0,0.44,0.18,0.450465260435319,0.85,0.484401391770579
129,0.0,0.06,1.0,0.2573193503497552,1.0,0.467074255144537
130,0.0,0.71,1.0,0.28019864782398896,1.0,0.46739531140175367
131,0.0,0.42,0.02,0.3515811831227742,0.0,0.47732847456481525
132,0.01,0.89,0.12,0.4445785608261489,0.0,0.49270469768989394
133,0.0,0.2,0.87,0.4390685926506843,0.72,0.4735059164314216
134,0.0,0.86,1.0,0.3921430315855237,1.0,0.4862493558426865
135,0.0,0.92,1.0,0.4045681038564729,0.88,0.4940709063254369
136,0.0,0.0,0.0,0.4328507915595176,0.0,0.43997395386691895
137,0.0,0.54,0.99,0.24041136810680813,1.0,0.4645562200282018
138,0.0,0.34,0.05,0.24954298511879025,0.0,0.4781313768867841
139,0.0,0.76,0.65,0.24875372085981573,0.98,0.48222947714720926
140,0.0,0.2,0.99,0.3197595126087458,0.13,0.47087798359923577
141,0.0,0.69,0.99,0.05865837488511844,0.91,0.458077872477207
142,0.0,0.24,0.0,0.4343244128524685,0.0,0.47226201202757495
143,0.0,0.77,0.85,0.450465260435319,0.97,0.4935633717837385
144,0.0,0.73,0.71,0.4474645691824016,0.51,0.49179282996295687
145,0.0,0.4,0.46,0.44291726262429065,0.0,0.47970101323746606
146,0.0,0.11,0.0,0.4444629654360609,0.0,0.46110291151222127
147,0.0,0.22,1.0,0.3866678718621428,0.9,0.4810782837468094
148,0.0,0.39,1.0,0.2939609268454136,0.0,0.48302643485495744
149,0.0,0.62,1.0,0.2939609268454136,1.0,0.48776142363510105
150,0.0,0.94,0.39,0.4328971744843584,0.94,0.49209469622503565
151,0.0,0.74,0.55,0.3633680455868924,0.65,0.47867523895592196
152,0.0,0.12,1.0,0.36481573241169957,0.0,0.47694779023582445
153,0.0,0.09,1.0,0.3866678718621428,1.0,0.4726875353923102
154,0.0,0.7,1.0,0.24041136810680813,0.0,0.4740642879248269
155,0.0,0.0,1.0,0.19424222427482982,1.0,0.44711796465859427
156,0.0,0.42,1.0,0.2573193503497552,1.0,0.4820402638890513
157,0.0,0.23,0.99,0.36270248078570366,0.79,0.4846687683534677
158,0.0,0.89,1.0,0.3984825642725378,1.0,0.49472809495993875
159,0.08,0.77,0.01,0.4312010032706227,0.0,0.48097176058139984
160,0.0,0.31,0.1,0.4328507915595176,0.0,0.4733164502692437
161,0.0,0.72,0.31,0.3921430315855237,1.0,0.48405301628890474
162,0.0,0.81,1.0,0.3866678718621428,0.0,0.48562592495170764
163,0.0,0.15,1.0,0.19424222427482982,1.0,0.475930050224986
164,0.0,0.95,1.0,0.24041136810680813,0.0,0.4761797101929242
165,0.0,0.6,0.82,0.4203819499447943,0.0,0.48052552926872094
166,0.0,0.19,0.04,0.44336770622789207,0.06,0.4500158220395677
167,0.01,0.1,0.0,0.4459169305492638,0.0,0.4611974308566399
168,0.0,0.42,0.79,0.4474645691824016,0.92,0.47818981884348094
169,0.0,0.0,0.81,0.40481432585906524,0.91,0.4410357934344054
170,0.0,0.2,0.97,0.12849317335202026,0.01,0.48206091179452637
171,0.0,0.55,1.0,0.4045681038564729,1.0,0.4748574626682542
172,0.0,0.34,0.2,0.42994872008609253,0.47,0.48599902928832434
173,0.0,0.15,0.96,0.19991324877057545,0.99,0.4794075573295549
174,0.0,0.3,0.31,0.3984825642725378,0.11,0.48126571224282233
175,0.0,0.95,0.96,0.42994872008609253,0.08,0.4911335584190967
176,0.0,0.0,0.91,0.4459169305492638,0.97,0.45112052048672713
177,0.0,0.01,0.02,0.24954298511879025,0.02,0.453713300755167
178,0.0,0.0,0.93,0.17264632361215881,0.99,0.44177826190007186
179,0.0,0.52,0.27,0.28019864782398896,0.35,0.46534178101452695
180,0.0,0.09,0.0,0.450465260435319,0.0,0.472280799308063
181,0.0,0.1,0.94,0.12849317335202026,0.0,0.46841257382328
182,0.0,0.4,0.0,0.4316740263281046,0.0,0.4780753448544661
183,0.0,0.51,0.03,0.4203819499447943,0.53,0.4802539531746087
184,0.0,0.03,1.0,0.44336770622789207,1.0,0.4712703906297417
185,0.0,0.62,1.0,0.4160053826843171,0.96,0.486403683354625
186,0.0,0.2,1.0,0.2573193503497552,1.0,0.4734673410070797
187,0.0,0.08,0.47,0.4390338954061107,0.34,0.46844535057737735
188,0.0,0.22,1.0,0.17114249627996705,1.0,0.4577813858303721
189,0.0,0.01,0.0,0.4444629654360609,0.0,0.44464565570365266
190,0.0,0.22,0.33,0.12849317335202026,0.0,0.48116396184637517
191,0.0,0.39,1.0,0.29512183989666363,1.0,0.4812702787293306
192,0.0,0.32,0.0,0.450465260435319,0.0,0.4799545443985114
193,0.0,0.03,0.0,0.3984825642725378,0.0,0.4679387191529886
194,0.0,0.7,1.0,0.4045681038564729,1.0,0.4903425711476714
195,0.0,0.39,1.0,0.4003198587011539,0.65,0.47905628522239563
196,0.0,0.0,0.01,0.34635163309593264,0.62,0.4568225360239052
197,0.0,0.25,1.0,0.3197595126087458,1.0,0.47792858163506136
198,0.0,0.47,1.0,0.3197595126087458,0.0,0.47798148501947535
199,0.0,0.11,0.23,0.12849317335202026,0.86,0.4731492280468804
200,0.0,0.01,0.02,0.44985042244069434,0.0,0.46696070878855134
201,0.02,0.01,1.0,0.4444629654360609,1.0,0.4482356994213404
202,0.0,0.46,0.91,0.12849317335202026,0.9,0.48046983737380766
203,0.0,0.71,1.0,0.05865837488511844,0.91,0.460412034740005
204,0.0,0.67,0.84,0.2573193503497552,0.86,0.4523719001239349
205,0.0,0.6,1.0,0.24875372085981573,1.0,0.4821978498686009
206,0.0,0.52,1.0,0.2939609268454136,0.0,0.4841812948078223
207,0.0,0.0,1.0,0.40571339932662137,1.0,0.2798575909162419
208,0.0,0.7,0.68,0.44173859166662993,0.14,0.4912015001237566
209,0.0,0.21,1.0,0.36481573241169957,0.0,0.48276292436855556
210,0.0,0.58,1.0,0.4003198587011539,0.97,0.4876052793607374
211,0.0,0.83,1.0,0.07445332205295248,0.62,0.48122523460322303
212,0.0,0.2,0.04,0.34635163309593264,0.0,0.4779119125341124
213,0.0,0.81,0.97,0.4390338954061107,0.21,0.4891182620132171
214,0.02,0.86,0.21,0.4630335088984916,0.1,0.4681033210631638
215,0.0,0.27,0.1,0.3866678718621428,0.62,0.4811741006063309
216,0.0,0.1,1.0,0.19991324877057545,0.9,0.47459553075281946
217,0.0,0.15,1.0,0.2573193503497552,1.0,0.4765181444187617
218,0.0,0.38,1.0,0.28019864782398896,0.0,0.4643503885569643
219,0.0,0.77,0.15,0.2573193503497552,0.47,0.4906994348564072
220,0.0,0.58,1.0,0.36481573241169957,1.0,0.48543764312908405
221,0.02,0.0,1.0,0.4444629654360609,1.0,0.433595832545721
222,0.0,0.37,0.97,0.07445332205295248,0.96,0.47466114164830053
223,0.0,0.85,1.0,0.12849317335202026,1.0,0.49305630269024214
224,0.0,0.5,0.75,0.19424222427482982,0.35,0.4867264852253096
225,0.0,0.92,0.99,0.36270248078570366,0.97,0.4917282624415878
226,0.01,0.16,0.93,0.4474645691824016,0.54,0.4726358750345098
227,0.0,0.13,1.0,0.24041136810680813,0.87,0.45859941966395956
228,0.0,0.74,1.0,0.05865837488511844,0.72,0.46032188396180695
229,0.0,0.67,0.24,0.401037946129842,0.11,0.48876784388341815
230,0.0,0.9,1.0,0.29512183989666363,1.0,0.48289491907680626
231,0.0,0.01,1.0,0.19424222427482982,1.0,0.46681841085022807
232,0.0,0.0,0.24,0.17488038557487728,0.12,0.4611216737759254
233,0.0,0.03,0.0,0.45707404924940503,0.0,0.4657986540988224
234,0.01,0.1,0.98,0.45807812424756494,1.0,0.46633230754079086
235,0.0,0.31,0.35,0.36219180442020577,0.02,0.47731324517197354
236,0.02,0.67,0.45,0.45924410664384596,0.0,0.47847027848416235
237,0.0,0.01,1.0,0.19424222427482982,1.0,0.4627112644306683
238,0.0,0.12,1.0,0.36219180442020577,1.0,0.4711003628577553
239,0.0,0.0,0.0,0.44985042244069434,0.0,0.44920428823553543
240,0.0,0.6,1.0,0.44291726262429065,0.68,0.4905349114614799
241,0.0,0.95,1.0,0.24041136810680813,1.0,0.476240174665976
242,0.0,0.77,1.0,0.4328971744843584,0.0,0.4849741063458231
243,0.0,0.33,0.9,0.3842910730078735,0.01,0.47933370822206195
244,0.0,0.18,0.0,0.4328507915595176,0.0,0.46980378626499003
245,0.0,0.19,0.52,0.2575027907876169,0.43,0.4452993021520221
246,0.0,0.38,0.26,0.3633680455868924,0.99,0.47779072446681914
247,0.0,0.68,1.0,0.413655538909783,0.0,0.4703545158457454
248,0.01,0.86,0.72,0.45924410664384596,0.59,0.4786246445958468
249,0.0,0.57,0.96,0.4115462275778437,0.0,0.4604574844057582
250,0.0,1.0,0.65,0.3664173013573064,0.89,0.4822134676298329
251,0.0,0.34,0.02,0.4343244128524685,0.0,0.4784231650798881
252,0.0,0.55,1.0,0.17114249627996705,0.06,0.45826129041457647
253,0.0,0.37,0.0,0.41834966156673536,0.0,0.4593667906825561
254,0.12,0.0,1.0,0.4312010032706227,0.97,0.44093568596559224
255,0.0,0.42,0.63,0.4390338954061107,0.07,0.47776271730082376
256,0.01,0.51,0.0,0.4497689309305596,0.0,0.45639012589067435
257,0.0,0.0,1.0,0.3515811831227742,1.0,0.3703113715319502
258,0.0,0.06,0.0,0.3984825642725378,0.0,0.4694764748698228
259,0.0,0.51,0.12,0.3664173013573064,0.14,0.47448536279053755
260,0.0,0.11,1.0,0.12849317335202026,0.05,0.4790096112218836
261,0.02,0.53,0.35,0.45924410664384596,0.8,0.4705518901684156
262,0.0,0.02,1.0,0.4316740263281046,1.0,0.4665528748541433
263,0.0,0.28,0.0,0.36219180442020577,0.01,0.47903735667467395
264,0.01,0.3,0.0,0.45707404924940503,0.0,0.47489863798650334
265,0.0,0.97,0.92,0.4521118672140935,0.36,0.48913043434718523
266,0.0,0.0,0.38,0.25863988183350833,0.85,0.43308935812575944
267,0.0,0.7,1.0,0.2507263294347249,0.94,0.4728274831275551
268,0.0,0.2,1.0,0.27936253271158507,0.94,0.4783639036732119
269,0.0,0.41,1.0,0.3515811831227742,0.0,0.48094285200156045
270,0.0,0.71,0.04,0.4630335088984916,0.0,0.4655582305790025
271,0.0,0.46,1.0,0.4316740263281046,1.0,0.48195857369821893
272,0.0,0.02,0.67,0.4444629654360609,0.34,0.45043785699649613
273,0.0,0.92,0.23,0.07445332205295248,0.69,0.4809308233775367
274,0.0,0.09,0.0,0.44985042244069434,0.0,0.4694246659568573
275,0.0,0.27,0.88,0.4471185174042534,0.91,0.4644576342157539
276,0.01,0.64,0.92,0.45807812424756494,0.93,0.47567607291520997
277,0.0,0.01,0.0,0.44985042244069434,0.0,0.46124103056256704
278,0.0,0.2,0.0,0.36481573241169957,0.0,0.4769285964016337
279,0.0,0.11,0.66,0.3866678718621428,0.83,0.4781401289123071
280,0.0,0.93,1.0,0.2629996400522628,0.51,0.4948019881365366
281,0.0,0.64,0.94,0.36270248078570366,0.0,0.4860811362400345
282,0.0,0.36,1.0,0.19424222427482982,0.01,0.48154224067528767
283,0.0,0.11,0.18,0.17114249627996705,0.0,0.4575236676086193
284,0.0,0.86,0.93,0.43439037650452655,0.0,0.49526780584884755
285,0.0,0.5,0.07,0.2575027907876169,0.01,0.47501600139469974
286,0.0,0.18,0.23,0.3633680455868924,0.41,0.4693263880063822
287,0.0,0.32,1.0,0.4316740263281046,0.0,0.4755076016215295
288,0.0,0.49,0.69,0.4465289505538382,0.03,0.486560563024937
289,0.0,0.14,0.47,0.3984825642725378,0.0,0.4719683503943529
290,0.0,0.0,0.0,0.3921430315855237,0.0,0.3145977781393474
291,0.0,0.62,0.62,0.07445332205295248,0.65,0.4810864345644901
292,0.0,0.27,1.0,0.19424222427482982,0.24,0.4726193462435767
293,0.0,0.19,1.0,0.25863988183350833,0.0,0.47595826912490674
294,0.0,0.11,0.41,0.2629996400522628,0.39,0.47253073979318
295,0.0,0.03,0.0,0.4390685926506843,0.33,0.4142041380758331
296,0.0,0.99,1.0,0.24041136810680813,0.91,0.4762875413748447
297,0.0,0.98,0.6,0.19424222427482982,0.45,0.49703558028518185
298,0.0,0.46,1.0,0.4045681038564729,0.6,0.48415991186477897
299,0.0,0.08,1.0,0.12849317335202026,1.0,0.47499697924814266
300,0.01,0.95,0.96,0.4630335088984916,0.26,0.4683855456427211
301,0.01,0.62,0.16,0.45707404924940503,0.0,0.4831820395970032
302,0.0,0.2,0.59,0.3633680455868924,0.43,0.4650290050902825
303,0.0,0.05,0.0,0.4328507915595176,0.0,0.4645447951590587
304,0.0,0.07,0.98,0.4045681038564729,0.97,0.4814622512824292
305,0.0,0.12,1.0,0.28019864782398896,1.0,0.4332835625447985
306,0.0,0.4,0.31,0.17114249627996705,0.28,0.4578477816840256
307,0.0,0.08,0.94,0.4203819499447943,0.84,0.46675759919153104
308,0.0,0.78,1.0,0.4221808832015208,1.0,0.49124921524944537
309,0.0,0.1,0.0,0.450465260435319,0.0,0.4765624908123895
310,0.0,0.1,1.0,0.2573193503497552,1.0,0.4723300590760454
311,0.0,0.22,1.0,0.05865837488511844,0.79,0.4503815223092675
312,0.0,0.41,0.8,0.3921430315855237,0.05,0.48708975561615697
313,0.0,0.13,0.28,0.17114249627996705,0.0,0.45754605949014965
314,0.0,0.1,1.0,0.36219180442020577,0.0,0.46986888893739537
315,0.0,0.91,0.67,0.3984825642725378,0.32,0.49532107307785933
316,0.0,0.07,0.07,0.3037973838992398,0.69,0.4725710595900827
317,0.0,0.0,0.92,0.4465289505538382,0.79,0.45744280173903146
318,0.0,0.69,0.28,0.4474645691824016,0.0,0.49010440739118705
319,0.0,0.77,0.46,0.25863988183350833,0.4,0.48631501594125753
320,0.0,0.08,0.22,0.3984825642725378,0.0,0.4736324962820556
321,0.0,0.88,0.98,0.4115462275778437,0.98,0.46266780108686845
322,0.0,0.06,1.0,0.19424222427482982,1.0,0.4604454265113579
323,0.0,0.14,0.55,0.4474645691824016,0.28,0.45474434555076443
324,0.0,0.12,0.04,0.41035479877804587,0.09,0.47808665191727867
325,0.0,0.44,0.72,0.2575027907876169,1.0,0.476340367994269
326,0.0,0.1,0.0,0.3984825642725378,0.0,0.46225194476225456
327,0.0,0.6,1.0,0.43439037650452655,0.97,0.48864688996042793
328,0.0,0.5,0.81,0.3866678718621428,0.02,0.4849243650628772
329,0.0,0.46,0.62,0.44336770622789207,0.94,0.48057935627314385
330,0.0,0.07,1.0,0.4203819499447943,0.95,0.47626435879018225
331,0.0,0.43,1.0,0.34635163309593264,0.0,0.4871495882527513
332,0.0,0.26,0.81,0.43191747682128684,0.02,0.4772371708233099
333,0.0,0.44,0.0,0.4003198587011539,0.0,0.4781151556829842
334,0.0,0.0,0.01,0.45924410664384596,0.02,0.4597233711013328
335,0.0,0.26,1.0,0.25863988183350833,0.51,0.483568122077603
336,0.0,0.03,0.98,0.4630335088984916,0.83,0.46355787301180196
337,0.01,0.85,0.56,0.45807812424756494,0.58,0.4814001537021894
338,0.0,0.0,0.98,0.450465260435319,0.74,0.45314516999260995
339,0.0,0.16,1.0,0.17488038557487728,0.79,0.45313801250440233
340,0.0,0.54,0.55,0.44173859166662993,0.95,0.4857997288265126
341,0.0,0.02,0.03,0.24041136810680813,0.25,0.467055796912388
342,0.0,0.54,0.67,0.4390338954061107,0.98,0.4840083300510659
343,0.0,0.0,0.18,0.3921430315855237,0.55,0.43563323066626464
344,0.0,0.06,1.0,0.29512183989666363,1.0,0.47594587100681407
345,0.0,0.61,0.98,0.3842910730078735,0.2,0.4778008218426173
346,0.12,0.66,0.98,0.4312010032706227,0.03,0.4813224972034796
347,0.0,0.1,1.0,0.4328971744843584,1.0,0.47053046238600965
348,0.0,0.24,0.95,0.4465289505538382,1.0,0.4726597147815622
349,0.0,0.05,0.75,0.4390685926506843,1.0,0.460185742755781
350,0.0,0.33,0.12,0.17264632361215881,0.97,0.4842249866133404
351,0.0,0.0,0.07,0.3984825642725378,0.0,0.4521345630497546
352,0.0,0.92,0.82,0.3633680455868924,0.91,0.4831238123038191
353,0.0,0.0,1.0,0.4465289505538382,0.79,0.4476667700519452
354,0.03,0.63,0.0,0.45807812424756494,0.0,0.4770272715321849
355,0.0,0.73,1.0,0.19991324877057545,0.0,0.48430838869069315
356,0.0,0.05,0.92,0.4630335088984916,0.0,0.4684780532051851
357,0.0,0.27,0.04,0.36481573241169957,0.08,0.4771657052740832
358,0.0,0.39,1.0,0.17488038557487728,0.0,0.4644712306403759
359,0.0,0.65,0.71,0.4521118672140935,0.83,0.4891290464297827
360,0.0,0.13,0.03,0.29512183989666363,0.0,0.4717034315954317
361,0.0,0.19,0.0,0.4115462275778437,0.0,0.4624403209375416
362,0.01,0.84,0.33,0.4630335088984916,0.54,0.4669056690123914
363,0.02,0.04,0.84,0.4445785608261489,0.0,0.46436309663769276
364,0.04,0.02,0.86,0.44409347229684815,0.92,0.4500011631079651
365,0.0,0.68,0.46,0.4497689309305596,0.81,0.4584862755426101
366,0.0,0.9,1.0,0.41035479877804587,0.95,0.49265863838882595
367,0.0,0.97,0.98,0.4465289505538382,0.22,0.4891303665345138
368,0.0,0.41,0.86,0.2575027907876169,0.0,0.4726751363696971
369,0.0,0.43,1.0,0.17264632361215881,1.0,0.4785458450818354
370,0.0,0.02,0.0,0.4390338954061107,0.0,0.4580375916795019
371,0.0,0.21,1.0,0.41035479877804587,1.0,0.47286493982929867
372,0.0,0.09,0.15,0.41834966156673536,0.04,0.4473888605179574
373,0.0,0.0,0.0,0.44985042244069434,0.0,0.4423693742430284
374,0.02,0.12,0.0,0.44409347229684815,0.0,0.46644115626462035
375,0.0,0.0,1.0,0.40481432585906524,1.0,0.40075875979659353
376,0.0,0.69,0.86,0.3921430315855237,0.98,0.4841391513187945
377,0.0,0.32,1.0,0.29512183989666363,0.0,0.4795572910988736
378,0.0,0.63,1.0,0.3984825642725378,0.0,0.4886637474287199
379,0.0,0.34,1.0,0.3515811831227742,0.73,0.48248191760652126
380,0.0,0.91,0.58,0.4521118672140935,0.67,0.488420868247336
381,0.0,0.36,0.94,0.2629996400522628,0.41,0.4872810296392149
382,0.0,0.61,0.84,0.19991324877057545,0.1,0.4841989857602269
383,0.0,0.61,0.14,0.3633680455868924,0.38,0.48168280763862853
384,0.0,0.32,0.6,0.3633680455868924,0.16,0.4711460287823747
385,0.0,0.03,0.98,0.4328971744843584,0.74,0.4719222674406198
386,0.0,0.82,0.9,0.40571339932662137,0.01,0.4779504111551894
387,0.0,0.49,0.42,0.25863988183350833,1.0,0.48714093819733306
388,0.0,0.64,0.73,0.07445332205295248,0.96,0.4812326394093956
389,0.0,0.47,1.0,0.34635163309593264,1.0,0.4870030196905602
390,0.0,0.47,0.99,0.12849317335202026,1.0,0.4862652283486075
391,0.0,0.04,0.99,0.44336770622789207,0.98,0.46753061991809514
392,0.0,0.31,0.0,0.3921430315855237,0.0,0.477865674418397
393,0.0,0.18,1.0,0.24041136810680813,0.24,0.4763839341162361
394,0.0,0.15,0.0,0.4343244128524685,0.0,0.47186560228964336
395,0.0,0.54,0.99,0.3037973838992398,0.95,0.4850728043316201
396,0.0,0.74,0.98,0.40571339932662137,0.89,0.47583903016079326
397,0.0,0.3,0.99,0.05865837488511844,0.46,0.46044840089724903
398,0.0,0.0,0.0,0.4221808832015208,0.0,0.4555418762172353
399,0.0,0.03,1.0,0.24875372085981573,1.0,0.45640361389226347
400,0.0,0.45,0.52,0.3197595126087458,0.84,0.4907143576806446
401,0.0,0.91,0.97,0.2939609268454136,0.26,0.4922567132130355
402,0.0,0.96,0.98,0.17264632361215881,0.98,0.48635289607965443
403,0.0,0.99,0.03,0.4390685926506843,0.24,0.4733201775722648
404,0.0,0.0,1.0,0.41834966156673536,1.0,0.41324573863083514
405,0.0,0.88,0.97,0.24954298511879025,0.3,0.49445956853144096
406,0.0,0.68,0.9,0.4630335088984916,0.0,0.46829619128523875
407,0.0,0.31,0.05,0.40571339932662137,0.28,0.4731336045531844
408,0.0,0.45,1.0,0.24954298511879025,1.0,0.4838527694815905
409,0.0,0.01,1.0,0.2573193503497552,1.0,0.4621236616926343
410,0.0,0.0,1.0,0.4045681038564729,1.0,0.43858786759294716
411,0.0,0.06,0.0,0.19991324877057545,0.01,0.4722727619721731
412,0.0,0.61,0.85,0.450465260435319,0.01,0.48837720335662527
413,0.0,0.0,0.0,0.44985042244069434,0.0,0.4272202457628088
414,0.0,0.97,1.0,0.17264632361215881,0.93,0.487154265903325
415,0.0,0.18,0.33,0.07445332205295248,0.0,0.4700408196008556
416,0.0,0.14,1.0,0.19424222427482982,0.02,0.4739855915761467
417,0.0,0.82,0.81,0.4316740263281046,0.92,0.4930832343403178
418,0.0,0.28,0.27,0.07445332205295248,1.0,0.47508642233635523
419,0.01,0.04,1.0,0.45807812424756494,0.9,0.46106479439427384
420,0.0,0.91,0.91,0.450465260435319,0.96,0.4933652859469522
421,0.0,0.21,1.0,0.24041136810680813,1.0,0.4583154875776371
422,0.0,0.05,1.0,0.2573193503497552,1.0,0.4726421822557254
423,0.0,0.41,1.0,0.4115462275778437,1.0,0.4624573048386845
424,0.0,0.51,1.0,0.25863988183350833,0.18,0.4871134149433974
425,0.0,0.22,1.0,0.19424222427482982,1.0,0.47913798620892945
426,0.01,0.68,0.94,0.45807812424756494,0.04,0.4832174038020377
427,0.0,0.65,0.52,0.3866678718621428,0.97,0.4837541706045752
428,0.0,0.61,0.33,0.4390685926506843,0.91,0.4733127142414493
429,0.0,0.97,1.0,0.19424222427482982,0.75,0.49570718302285055
430,0.0,0.47,0.58,0.2629996400522628,0.25,0.4860285424296733
431,0.0,0.84,1.0,0.17114249627996705,0.08,0.4575966787084682
432,0.0,0.0,0.0,0.4203819499447943,0.0,0.44812212528555806
433,0.0,0.01,0.0,0.3984825642725378,0.0,0.46855154565592155
434,0.0,0.01,0.03,0.40481432585906524,0.0,0.4528938459686405
435,0.03,0.18,0.81,0.4445785608261489,0.0,0.4798292687474753
436,0.0,0.16,0.04,0.4328971744843584,0.0,0.4808091522935381
437,0.0,0.12,0.79,0.3842910730078735,0.96,0.4734635528863902
438,0.0,0.85,0.8,0.4465289505538382,0.97,0.4891296716179577
439,0.0,0.31,1.0,0.17114249627996705,0.0,0.4600001412647786
440,0.0,0.81,1.0,0.4316740263281046,1.0,0.4887450290997634
441,0.0,0.09,1.0,0.2629996400522628,0.94,0.4764592412770097
442,0.0,0.0,1.0,0.40481432585906524,1.0,0.43796416027617924
443,0.0,0.1,0.52,0.2575027907876169,0.73,0.4674447352472956
444,0.0,0.04,1.0,0.2507263294347249,1.0,0.4549893384797932
445,0.0,0.62,0.43,0.44409347229684815,0.0,0.47694480633595804
446,0.0,0.09,0.51,0.07445332205295248,0.99,0.4698788254537575
447,0.0,0.37,0.01,0.4160053826843171,0.0,0.48273872484927294
448,0.0,0.33,0.96,0.12849317335202026,0.83,0.48225433741060747
449,0.0,0.97,0.89,0.44173859166662993,0.98,0.4974082971135883
450,0.01,0.98,0.88,0.45924410664384596,0.96,0.4792490875620706
451,0.0,0.91,0.95,0.42994872008609253,0.02,0.49083277671714676
452,0.0,0.46,1.0,0.36219180442020577,0.89,0.4810116642729169
453,0.02,0.01,1.0,0.4445785608261489,0.49,0.4662137392871152
454,0.0,0.49,1.0,0.2507263294347249,0.86,0.4715966078816279
455,0.0,0.0,0.0,0.2575027907876169,0.0,0.43820230872983185
456,0.0,0.17,1.0,0.25863988183350833,0.0,0.4780762429262109
457,0.0,0.0,1.0,0.44336770622789207,1.0,0.45182239431408244
458,0.0,0.5,0.2,0.3515811831227742,0.42,0.4765674767848737
459,0.0,0.37,0.49,0.36219180442020577,0.0,0.4782181395895425
460,0.0,0.93,0.9,0.4328507915595176,0.0,0.4909659646164586
461,0.0,0.86,0.73,0.4390685926506843,0.13,0.47333212639507377
462,0.0,0.26,0.0,0.42620415604858575,0.0,0.47352549219688483
463,0.0,0.88,1.0,0.3515811831227742,0.73,0.4851765273851493
464,0.0,0.93,0.67,0.3633680455868924,0.84,0.4832019079381836
465,0.0,0.47,1.0,0.25863988183350833,0.0,0.4795196713103093
466,0.0,0.22,0.22,0.44336770622789207,0.93,0.477814110757452
467,0.0,0.16,0.27,0.25863988183350833,0.0,0.4813355916761847
468,0.01,0.01,0.0,0.4445785608261489,0.0,0.43966396120312523
469,0.01,0.72,0.99,0.44409347229684815,0.54,0.47925844963260467
470,0.0,0.88,0.98,0.3515811831227742,0.0,0.48403424379255083
471,0.0,0.0,1.0,0.40481432585906524,1.0,0.43384660607954334
472,0.0,0.98,0.96,0.3842910730078735,0.81,0.49110653130386006
473,0.0,0.27,0.43,0.28019864782398896,0.13,0.4613082289327757
474,0.0,0.47,1.0,0.19424222427482982,0.99,0.4833026843646553
475,0.0,0.84,0.99,0.4497689309305596,0.99,0.4584980016115473
476,0.0,0.5,0.5,0.36270248078570366,0.0,0.4872424952482206
477,0.0,0.28,1.0,0.19424222427482982,0.81,0.4774442726363112
478,0.0,0.37,0.35,0.41035479877804587,0.31,0.48160093573581875
479,0.0,0.21,1.0,0.40481432585906524,0.9,0.4826899123886818
480,0.0,0.66,1.0,0.17114249627996705,1.0,0.4575225736632778
481,0.0,0.04,1.0,0.44336770622789207,1.0,0.46380023195025366
482,0.01,0.68,0.0,0.4474645691824016,0.01,0.48905057293115206
483,0.0,0.67,0.59,0.07445332205295248,0.86,0.48122116768357676
484,0.0,0.6,0.8,0.29512183989666363,0.9,0.4832031665782965
485,0.0,0.03,0.17,0.4203819499447943,0.86,0.46054312433896316
486,0.0,0.17,0.01,0.4497689309305596,0.13,0.4599844493852478
487,0.0,0.23,0.96,0.12849317335202026,1.0,0.4755626572631021
488,0.0,0.32,1.0,0.24041136810680813,1.0,0.47640133585877226
489,0.0,0.31,0.88,0.4465289505538382,0.96,0.48250148275674004
490,0.0,0.0,0.0,0.3515811831227742,0.0,0.4539289850993239
491,0.0,0.03,1.0,0.29512183989666363,0.0,0.46791413176538454
492,0.0,0.2,1.0,0.24041136810680813,1.0,0.4763480818880159
493,0.0,0.09,0.84,0.2939609268454136,0.1,0.4780964641758767
494,0.0,0.28,0.89,0.41834966156673536,0.76,0.47243170908401033
495,0.02,0.05,0.23,0.45807812424756494,0.37,0.470975705135235
496,0.0,0.19,0.02,0.3633680455868924,0.15,0.46898316977982263
497,0.0,0.93,1.0,0.28019864782398896,0.09,0.46739349709760325
498,0.0,0.6,0.06,0.4471185174042534,0.96,0.4733068433168257
499,0.0,0.56,1.0,0.2939609268454136,0.0,0.4866605980470788
500,0.0,0.35,1.0,0.36219180442020577,1.0,0.47871732202217987
501,0.0,0.48,0.57,0.2939609268454136,0.38,0.4849135876751765
502,0.0,0.54,1.0,0.12849317335202026,1.0,0.4868404111061991
503,0.0,0.89,1.0,0.4045681038564729,0.29,0.493787051096405
504,0.03,0.45,0.5,0.45807812424756494,0.79,0.4766512465766241
505,0.0,0.82,0.97,0.3984825642725378,0.99,0.4818201489373617
506,0.0,0.97,0.9,0.40571339932662137,0.24,0.47728020684150163
507,0.0,0.41,0.02,0.4045681038564729,0.01,0.48211584372010197
508,0.0,0.97,1.0,0.36219180442020577,0.21,0.49110714105008707
509,0.0,0.74,1.0,0.05865837488511844,0.99,0.4604852641092935
510,0.0,0.64,1.0,0.4045681038564729,0.0,0.484412660669826
511,0.0,0.02,0.95,0.43439037650452655,0.88,0.46792973697130796
512,0.0,0.88,1.0,0.4003198587011539,1.0,0.4927667949055672
513,0.0,0.23,0.0,0.44985042244069434,0.31,0.47387973822675755
514,0.0,0.68,0.02,0.4221808832015208,1.0,0.49123825476711225
515,0.0,0.73,0.03,0.41834966156673536,0.31,0.47233033033369604
516,0.0,0.67,1.0,0.41035479877804587,1.0,0.48602439595446595
517,0.0,0.23,0.12,0.43439037650452655,0.02,0.4778545325306717
518,0.0,0.64,0.97,0.41834966156673536,0.13,0.4685632740868803
519,0.0,0.99,0.75,0.19991324877057545,0.35,0.48418982538107985
520,0.0,0.57,0.59,0.12849317335202026,0.58,0.4867701921201567
521,0.0,0.0,0.99,0.3984825642725378,0.97,0.46775777752598835
522,0.0,0.66,0.28,0.3984825642725378,0.67,0.4862286056542422
523,0.02,0.62,0.73,0.4440890314168506,0.0,0.4713564002768872
524,0.0,0.25,0.92,0.4328507915595176,0.77,0.480808329228446
525,0.0,0.5,1.0,0.4497689309305596,1.0,0.4585060733958488
526,0.0,0.9,0.98,0.3866678718621428,0.01,0.48713070401209135
527,0.0,0.22,0.86,0.43191747682128684,0.95,0.47632303789548386
528,0.0,0.55,1.0,0.36219180442020577,0.7,0.48319334146144854
529,0.0,0.1,1.0,0.12849317335202026,0.08,0.47230931083873906
530,0.0,0.36,0.85,0.4316740263281046,0.0,0.48085154103255545
531,0.0,0.32,1.0,0.413655538909783,1.0,0.4650657918387366
532,0.0,0.13,0.0,0.4203819499447943,0.0,0.46953192702617236
533,0.0,0.09,0.65,0.24954298511879025,0.86,0.4679441984344611
534,0.0,0.66,0.97,0.36219180442020577,0.01,0.4836476098382763
535,0.0,0.16,1.0,0.3984825642725378,0.0,0.4751138592136005
536,0.0,0.01,1.0,0.4045681038564729,0.99,0.46410642953535003
537,0.0,0.03,1.0,0.24875372085981573,1.0,0.45233179459544914
538,0.0,0.27,1.0,0.44336770622789207,0.9,0.4818422973315899
539,0.0,0.33,1.0,0.42994872008609253,1.0,0.48065027656374126
540,0.0,0.58,0.84,0.413655538909783,0.5,0.4703433064240079
541,0.0,0.06,0.99,0.17264632361215881,0.17,0.4669780005977246
542,0.0,0.98,1.0,0.3197595126087458,0.15,0.49089764943898156
543,0.0,0.35,1.0,0.41035479877804587,1.0,0.47760246947862767
544,0.0,0.26,1.0,0.401037946129842,1.0,0.4749754884638659
545,0.0,0.18,0.18,0.19991324877057545,0.0,0.46934531461298223
546,0.0,0.12,1.0,0.24041136810680813,1.0,0.47594335908399077
547,0.0,0.63,1.0,0.05865837488511844,0.01,0.4514618644765591
548,0.0,0.92,0.98,0.42994872008609253,0.04,0.49198848699351583
549,0.01,0.72,0.73,0.4630335088984916,0.15,0.46842268080393046
550,0.01,0.04,1.0,0.4444629654360609,1.0,0.44648046227431365
551,0.0,0.28,0.73,0.29512183989666363,0.02,0.4823410879309028
552,0.0,0.05,0.99,0.44336770622789207,0.96,0.46881100030280837
553,0.0,0.7,1.0,0.17114249627996705,0.51,0.45727696549483254
554,0.0,0.2,0.39,0.44173859166662993,0.19,0.45531698105688
555,0.02,0.52,0.82,0.4444629654360609,0.0,0.4650894516710252
556,0.0,0.73,0.81,0.28019864782398896,0.42,0.4674004086152894
557,0.0,0.1,0.99,0.3633680455868924,0.9,0.47361076374495964
558,0.01,0.92,0.97,0.4444629654360609,0.97,0.46708919672955834
559,0.0,0.0,1.0,0.43439037650452655,1.0,0.43677589201149875
560,0.0,0.0,0.23,0.19991324877057545,0.21,0.4577853171337442
561,0.01,0.08,0.32,0.4630335088984916,0.0,0.4576326852381541
562,0.0,0.46,0.75,0.17114249627996705,0.04,0.45338063906070075
563,0.0,0.2,1.0,0.25863988183350833,0.0,0.4796383531189309
564,0.0,0.39,1.0,0.24041136810680813,1.0,0.469781937837009
565,0.0,0.0,0.48,0.40481432585906524,0.57,0.46692304003470203
566,0.0,0.14,0.11,0.3866678718621428,0.0,0.4785440155382232
567,0.0,0.29,1.0,0.2507263294347249,1.0,0.4691517388395652
568,0.0,0.9,1.0,0.12849317335202026,0.02,0.4931439299513013
569,0.0,0.44,0.82,0.450465260435319,0.98,0.4826637810454294
570,0.0,0.83,0.97,0.2939609268454136,0.75,0.49282295519399527
571,0.0,0.11,0.0,0.43439037650452655,0.0,0.4693780542655355
572,0.0,0.32,0.78,0.4045681038564729,0.0,0.4785214231687276
573,0.0,0.77,1.0,0.24041136810680813,1.0,0.4757722596663824
574,0.0,0.03,0.97,0.3921430315855237,0.5,0.47026843049417744
575,0.01,0.01,0.0,0.45707404924940503,0.0,0.4607722127217876
576,0.0,0.0,0.0,0.44985042244069434,0.0,0.4299852579093339
577,0.0,0.08,0.98,0.2629996400522628,0.89,0.47371237841494296
578,0.0,0.01,0.92,0.40571339932662137,0.28,0.4660731137754816
579,0.0,0.1,0.27,0.4160053826843171,0.0,0.47732249462023807
580,0.0,0.29,1.0,0.24041136810680813,1.0,0.46788268950810236
581,0.0,0.0,1.0,0.44336770622789207,1.0,0.4344935350057864
582,0.0,0.92,1.0,0.3866678718621428,1.0,0.4891207306428831
583,0.0,0.57,0.99,0.4630335088984916,0.99,0.46830389331275035
584,0.0,0.31,0.0,0.42620415604858575,0.0,0.47752125139345636
585,0.0,0.0,0.74,0.44409347229684815,0.5,0.45116925731997143
586,0.0,0.27,1.0,0.17114249627996705,0.45,0.4577327177906485
587,0.0,0.81,0.54,0.2575027907876169,0.28,0.4762917704309665
588,0.0,0.01,1.0,0.4203819499447943,1.0,0.4564231073087418
589,0.0,0.18,0.17,0.4497689309305596,0.87,0.4574501764467405
590,0.0,0.42,0.0,0.4160053826843171,0.0,0.4777945352246445
591,0.0,0.44,0.34,0.45924410664384596,0.0,0.47086163838741885
592,0.03,0.76,0.91,0.44409347229684815,0.0,0.4771587658280856
593,0.0,0.49,0.11,0.4390338954061107,0.0,0.48581510917584353
594,0.0,0.93,0.19,0.4630335088984916,0.68,0.46779648781196853
595,0.0,0.08,0.0,0.4045681038564729,0.0,0.4722422828075259
596,0.0,0.5,1.0,0.29512183989666363,0.0,0.4832292198422788
597,0.0,0.02,0.49,0.05865837488511844,0.17,0.44640427421983786
598,0.0,0.26,0.83,0.4115462275778437,0.79,0.46251769017741623
599,0.0,0.61,1.0,0.2629996400522628,0.51,0.4877862667810657
600,0.0,0.38,1.0,0.4203819499447943,0.0,0.48102941169616276
601,0.01,0.85,0.56,0.45924410664384596,0.9,0.47936525071397046
602,0.0,0.55,0.96,0.4221808832015208,0.0,0.48449122795131744
603,0.0,0.62,0.95,0.4497689309305596,0.94,0.458280400721639
604,0.0,0.6,0.59,0.4474645691824016,0.69,0.48718581032978536
605,0.0,0.72,1.0,0.07445332205295248,0.84,0.4812208630552483
606,0.0,0.0,0.69,0.36481573241169957,0.0,0.45338712869221004
607,0.0,0.51,0.29,0.45924410664384596,0.0,0.4761363640963912
608,0.0,0.03,1.0,0.2573193503497552,1.0,0.46805680545037565
609,0.0,0.28,1.0,0.40481432585906524,1.0,0.47526130167936304
610,0.28,0.63,0.97,0.4312010032706227,0.32,0.4871543857229867
611,0.0,0.63,1.0,0.12849317335202026,0.62,0.4892230596811108
612,0.0,0.29,0.86,0.4630335088984916,0.2,0.46141542573049943
613,0.0,0.33,0.99,0.4160053826843171,0.0,0.47964580428971276
614,0.0,0.45,0.06,0.4521118672140935,0.64,0.48636036678873407
615,0.0,0.0,0.0,0.12849317335202026,0.0,0.43866978197186
616,0.0,0.12,0.95,0.44985042244069434,0.25,0.47636413930211785
617,0.0,0.61,0.9,0.05865837488511844,0.42,0.4554958899094675
618,0.15,0.01,0.0,0.4312010032706227,0.0,0.45046190370647304
619,0.0,0.03,0.0,0.36219180442020577,0.0,0.4611157438390106
620,0.0,0.92,0.99,0.4316740263281046,0.95,0.49215138323989743
621,0.0,0.73,0.91,0.2507263294347249,0.73,0.47717335434211205
622,0.0,0.17,1.0,0.24041136810680813,0.0,0.4683140054171222
623,0.09,0.59,0.52,0.4312010032706227,0.41,0.4871555465221164
624,0.0,0.99,0.95,0.4390685926506843,0.98,0.47332000863666107
625,0.0,0.47,0.94,0.40571339932662137,0.36,0.47727893445200764
626,0.0,0.0,1.0,0.43439037650452655,0.99,0.43301107522995724
627,0.0,0.0,1.0,0.2573193503497552,1.0,0.46171247912006014
628,0.0,0.07,0.99,0.3984825642725378,1.0,0.4702028760286241
629,0.0,0.19,0.0,0.4115462275778437,0.0,0.46140186823760804
630,0.0,0.15,0.81,0.4343244128524685,0.0,0.4683983163584501
631,0.02,0.02,0.86,0.45707404924940503,0.93,0.45627534516593227
632,0.0,0.0,0.0,0.44985042244069434,0.0,0.3836602767082346
633,0.0,0.25,0.46,0.45924410664384596,0.44,0.4706782807351367
634,0.0,0.26,0.71,0.3921430315855237,0.0,0.4833146653903733
635,0.0,0.06,1.0,0.401037946129842,1.0,0.46558480381012024
636,0.0,0.01,1.0,0.24954298511879025,1.0,0.46748121676635074
637,0.0,0.14,0.38,0.17264632361215881,0.0,0.469724369625268
638,0.0,0.88,0.97,0.44173859166662993,0.17,0.4926841502528374
639,0.0,0.49,0.67,0.44173859166662993,0.73,0.48493817628424135
640,0.0,0.23,0.96,0.24875372085981573,1.0,0.4675279186507632
641,0.0,0.16,0.43,0.2939609268454136,0.0,0.47320901841181723
642,0.0,0.12,1.0,0.44291726262429065,0.96,0.46744441489293603
643,0.0,0.94,0.83,0.4328971744843584,0.85,0.49209612106073175
644,0.0,0.52,0.17,0.44173859166662993,0.0,0.4895961613864335
645,0.0,0.16,1.0,0.2507263294347249,0.25,0.4605456461633988
646,0.0,0.0,0.06,0.12849317335202026,0.0,0.40916860700231866
647,0.0,0.02,0.0,0.4474645691824016,0.0,0.4651504007075005
648,0.0,0.0,0.0,0.4390685926506843,0.0,0.4571125033187943
649,0.0,0.5,0.9,0.3664173013573064,0.43,0.47678375418747465
650,0.0,0.53,0.89,0.4343244128524685,0.68,0.4817700796353596
651,0.0,0.91,0.81,0.3842910730078735,0.69,0.489469206026443
652,0.0,0.52,0.86,0.29512183989666363,0.0,0.4790917886812088
653,0.16,0.15,1.0,0.4312010032706227,1.0,0.4732332119291403
654,0.0,0.2,0.0,0.45707404924940503,0.0,0.46974108420218263
655,0.0,0.02,1.0,0.19991324877057545,1.0,0.4572109769090188
656,0.0,0.12,1.0,0.4316740263281046,1.0,0.4786616572075188
657,0.0,0.24,1.0,0.12849317335202026,1.0,0.47635281814370517
658,0.0,0.08,0.99,0.40571339932662137,0.92,0.4603782346562955
659,0.0,0.71,0.72,0.41035479877804587,0.0,0.46747254131038085
660,0.0,0.37,0.86,0.24875372085981573,0.87,0.4766179250229055
661,0.0,0.76,1.0,0.05865837488511844,0.41,0.46034782502118676
662,0.0,0.41,0.73,0.4465289505538382,0.92,0.47972365287097685
663,0.0,0.6,0.96,0.4497689309305596,0.78,0.4584950287758153
664,0.0,0.8,1.0,0.25863988183350833,0.84,0.4871564117841396
665,0.0,0.2,1.0,0.4521118672140935,1.0,0.47479990070895256
666,0.0,0.0,0.0,0.4203819499447943,0.0,0.45019281810131534
667,0.0,0.59,0.98,0.24954298511879025,0.83,0.4819693466440825
668,0.0,0.01,1.0,0.44336770622789207,1.0,0.4598149996068718
669,0.02,0.36,0.0,0.4445785608261489,0.0,0.4807971905063842
670,0.0,0.03,0.12,0.4343244128524685,0.26,0.4774388044475762
671,0.0,0.52,1.0,0.4444629654360609,1.0,0.4667223793430626
672,0.0,0.88,1.0,0.19424222427482982,1.0,0.4952521440688077
673,0.0,0.23,1.0,0.17488038557487728,0.0,0.46598053994704486
674,0.0,0.58,1.0,0.401037946129842,1.0,0.48508063699139603
675,0.0,0.45,1.0,0.17488038557487728,0.0,0.4645279170755462
676,0.01,0.45,0.66,0.45924410664384596,0.91,0.4769525447891889
677,0.0,0.0,0.0,0.40481432585906524,0.0,0.4555619404561599
678,0.03,0.29,0.98,0.44409347229684815,0.87,0.4793639790189498
679,0.02,0.0,0.7,0.4497689309305596,0.21,0.43037203869914864
680,0.0,0.67,0.9,0.44173859166662993,1.0,0.4887054080936541
681,0.0,0.68,0.98,0.3921430315855237,0.67,0.48329111644838624
682,0.0,0.47,0.21,0.19424222427482982,0.33,0.4854228594926799
683,0.0,0.38,0.12,0.3037973838992398,0.83,0.48806506919704895
684,0.0,0.21,0.59,0.4328507915595176,0.83,0.4715374559089778
685,0.0,0.85,0.34,0.17488038557487728,0.0,0.4644254829393624
686,0.0,0.11,0.65,0.36481573241169957,0.82,0.47338460398037635
687,0.0,0.13,0.0,0.4221808832015208,0.0,0.47050962735646
688,0.0,0.3,1.0,0.40571339932662137,1.0,0.4734788429802687
689,0.0,0.65,0.9,0.36219180442020577,0.0,0.4882166489699142
690,0.0,0.7,1.0,0.24875372085981573,0.99,0.4792360784469948
691,0.0,0.0,0.0,0.4328507915595176,0.0,0.4429679654883205
692,0.0,0.49,0.73,0.2575027907876169,0.28,0.4763394115092414
693,0.0,0.62,0.76,0.4328507915595176,0.0,0.48374220919793154
694,0.0,0.75,1.0,0.17264632361215881,1.0,0.4846017017789546
695,0.0,0.33,0.26,0.4390338954061107,0.44,0.47865486661241957
696,0.0,0.0,0.0,0.3515811831227742,0.0,0.43183689868549047
697,0.03,0.42,0.42,0.4445785608261489,0.01,0.4838252363448534
698,0.0,0.64,0.19,0.25863988183350833,0.8,0.4863841740386784
699,0.0,0.78,0.95,0.4328971744843584,0.0,0.48621988863254173
700,0.01,0.68,0.91,0.45924410664384596,0.69,0.47705282391715587
701,0.0,0.68,0.99,0.4497689309305596,0.99,0.45851042870237246
702,0.0,0.64,1.0,0.4203819499447943,0.0,0.4757486259260134
703,0.0,0.06,0.63,0.4390338954061107,0.23,0.4636510366544356
704,0.0,0.62,0.88,0.3984825642725378,0.72,0.4797340434072241
705,0.0,0.12,0.04,0.3866678718621428,0.0,0.47047867950978506
706,0.0,0.69,1.0,0.3515811831227742,1.0,0.4824367287467042
707,0.0,0.8,0.4,0.44336770622789207,0.52,0.48542637608137484
708,0.0,0.46,0.11,0.24041136810680813,0.02,0.4762894379242629
709,0.02,0.0,0.0,0.4445785608261489,0.0,0.45832223082878776
710,0.0,0.37,0.01,0.4328971744843584,0.0,0.47843273576265244
711,0.0,0.79,0.75,0.3633680455868924,0.52,0.4831989375238209
712,0.0,0.34,0.69,0.4465289505538382,0.02,0.4811844775170263
713,0.0,0.97,0.99,0.36270248078570366,0.88,0.4931619559680001
714,0.0,0.39,0.99,0.45707404924940503,0.98,0.4742876805083481
715,0.0,0.82,0.35,0.401037946129842,0.07,0.4916816237734228
716,0.0,0.26,0.1,0.34635163309593264,0.31,0.4785917984099801
717,0.0,0.68,1.0,0.07445332205295248,0.88,0.48122277930900315
718,0.0,0.08,0.15,0.4221808832015208,0.0,0.47007181799910813
719,0.0,0.63,0.9,0.36481573241169957,0.77,0.4876484078092373
720,0.0,0.74,0.81,0.42620415604858575,0.3,0.486298106564216
721,0.0,0.42,0.08,0.2575027907876169,0.03,0.47490573189197244
722,0.0,0.22,0.85,0.3515811831227742,0.45,0.4762700461644546
723,0.01,0.69,0.98,0.45924410664384596,0.98,0.47925413821984897
724,0.0,0.0,0.95,0.3515811831227742,0.0,0.4642084076776375
725,0.0,0.01,0.97,0.44336770622789207,1.0,0.45549909114695064
726,0.0,0.04,0.0,0.3984825642725378,0.0,0.4596384714426707
727,0.02,0.03,1.0,0.4445785608261489,0.95,0.45091537406309384
728,0.0,0.27,1.0,0.2573193503497552,1.0,0.45583266985506177
729,0.0,0.67,0.66,0.43191747682128684,0.42,0.4865467297573715
730,0.0,0.45,0.06,0.4003198587011539,0.0,0.48287999562026257
731,0.0,0.12,0.95,0.3633680455868924,0.86,0.46742244138777495
732,0.0,0.75,0.5,0.4459169305492638,0.88,0.456221068551359
733,0.0,0.35,0.38,0.44291726262429065,0.27,0.48624210338947255
734,0.0,0.88,0.84,0.42994872008609253,0.95,0.49069938076340036
735,0.0,0.0,1.0,0.40571339932662137,0.62,0.4561106028865157
736,0.0,0.26,1.0,0.4221808832015208,0.98,0.47163297415016686
737,0.0,0.1,0.98,0.12849317335202026,0.76,0.47647454345061835
738,0.0,0.84,1.0,0.24954298511879025,0.78,0.4928790337807936
739,0.0,0.96,1.0,0.27936253271158507,0.26,0.49511632845688763
740,0.0,0.41,0.92,0.36219180442020577,0.0,0.4808396928542973
741,0.0,0.39,0.98,0.4343244128524685,0.0,0.47768086656443653
742,0.0,0.96,0.08,0.4459169305492638,0.97,0.467393471952038
743,0.0,0.15,0.0,0.4390685926506843,0.05,0.47028539043042794
744,0.0,0.17,0.8,0.4203819499447943,0.0,0.46656369228924444
745,0.0,0.84,1.0,0.4160053826843171,1.0,0.48609603790461586
746,0.0,0.57,0.96,0.36270248078570366,1.0,0.49021665598267766
747,0.0,0.45,0.81,0.4390685926506843,0.62,0.4733188943848246
748,0.0,0.21,0.87,0.4316740263281046,0.98,0.47671155159210504
749,0.17,0.0,0.04,0.4312010032706227,0.0,0.4390866931117098
750,0.0,0.31,0.93,0.36270248078570366,0.45,0.48123112254700584
751,0.0,0.42,0.0,0.4328507915595176,0.0,0.481143720652144
752,0.0,0.69,0.57,0.2939609268454136,1.0,0.48853879131212546
753,0.0,0.0,1.0,0.44336770622789207,1.0,0.45588581262821654
754,0.0,0.3,1.0,0.17488038557487728,0.99,0.46487906522756234
755,0.0,0.01,0.0,0.3515811831227742,0.0,0.45283024327861443
756,0.0,0.25,0.76,0.19991324877057545,0.12,0.48060184912068005
757,0.0,0.02,0.99,0.4045681038564729,0.96,0.4669994955437892
758,0.0,0.16,0.66,0.3633680455868924,0.0,0.46872551906119564
759,0.09,0.53,0.55,0.4312010032706227,0.74,0.48064019694204363
760,0.0,0.59,0.61,0.36219180442020577,0.98,0.48888997207884144
761,0.0,0.42,0.99,0.4316740263281046,0.67,0.48411778040552095
762,0.0,0.53,1.0,0.3866678718621428,1.0,0.48733301994473577
763,0.0,0.66,0.16,0.3633680455868924,0.39,0.4797131214832313
764,0.14,0.85,0.47,0.4312010032706227,0.11,0.48340679291191546
765,0.0,0.07,0.87,0.19991324877057545,0.77,0.47509457711385117
766,0.0,0.3,0.0,0.44409347229684815,0.0,0.46999825034102727
767,0.0,0.93,1.0,0.4474645691824016,0.0,0.4948751785038061
768,0.0,0.13,1.0,0.4444629654360609,1.0,0.4567358727374271
769,0.0,0.54,0.99,0.3842910730078735,0.0,0.4794675121089171
770,0.0,0.74,0.88,0.401037946129842,0.65,0.48765531215517155
771,0.0,0.67,1.0,0.17264632361215881,1.0,0.48311432723394093
772,0.0,0.0,0.91,0.4465289505538382,0.62,0.4522112691019589
773,0.0,0.0,0.99,0.19991324877057545,0.86,0.46330965017942116
774,0.0,0.14,0.89,0.07445332205295248,0.1,0.4699171552937381
775,0.0,0.16,0.96,0.44336770622789207,0.74,0.4715833864543164
776,0.0,0.22,1.0,0.24041136810680813,0.0,0.47633148883014137
777,0.0,0.57,0.91,0.24875372085981573,0.09,0.4822370988947917
778,0.0,0.79,0.54,0.42620415604858575,0.1,0.4761086774246986
779,0.18,0.63,0.73,0.4312010032706227,0.0,0.4817432067759066
780,0.0,0.25,0.79,0.3037973838992398,1.0,0.47327185788299186
781,0.0,0.89,0.39,0.36481573241169957,0.0,0.4911218873615068
782,0.0,0.66,1.0,0.28019864782398896,1.0,0.4639021790318832
783,0.0,0.49,0.99,0.4316740263281046,0.0,0.48399600086685857
784,0.0,0.0,0.0,0.44985042244069434,0.0,0.43615592021052135
785,0.0,0.0,0.0,0.3515811831227742,0.0,0.45085082057756515
786,0.0,0.16,0.56,0.12849317335202026,0.05,0.4761290280621484
787,0.0,0.19,0.83,0.413655538909783,0.0,0.4713059701918734
788,0.0,0.61,0.98,0.17114249627996705,0.92,0.45754372787397024
789,0.13,0.27,0.99,0.4312010032706227,0.87,0.4747233301255653
790,0.0,0.58,0.98,0.4328507915595176,0.8,0.48838141684839154
791,0.0,0.18,1.0,0.19424222427482982,1.0,0.4754715369721101
792,0.0,0.75,0.8,0.2629996400522628,0.65,0.487960378810738
793,0.0,0.71,0.98,0.4343244128524685,0.98,0.4825657989354801
794,0.0,0.87,0.41,0.2575027907876169,0.05,0.47634750958336325
795,0.0,0.37,0.16,0.17264632361215881,0.18,0.4748724829527538
796,0.0,0.69,0.72,0.4328971744843584,0.94,0.4912247151516487
797,0.0,0.03,1.0,0.2507263294347249,0.96,0.44377324035961396
798,0.0,0.02,0.99,0.44336770622789207,1.0,0.45733693798742503
799,0.0,0.2,0.79,0.05865837488511844,0.22,0.4552641766136282
800,0.0,0.34,0.5,0.44173859166662993,0.3,0.484271386139739
801,0.0,0.38,0.31,0.4474645691824016,0.15,0.48318935988886835
802,0.0,0.95,0.39,0.4221808832015208,0.43,0.4920949509608716
803,0.0,0.2,0.15,0.3921430315855237,0.31,0.4794335917011507
804,0.0,0.34,0.98,0.3921430315855237,0.98,0.477345755027101
805,0.13,0.23,0.15,0.4312010032706227,0.26,0.4730787119539231
806,0.0,0.12,1.0,0.4203819499447943,1.0,0.46196625632781246
807,0.0,0.42,0.0,0.43439037650452655,0.0,0.47038972671835516
808,0.0,0.27,1.0,0.401037946129842,0.98,0.47543295838276994
809,0.0,0.49,0.69,0.36219180442020577,0.67,0.4787487984849428
810,0.0,0.97,1.0,0.28019864782398896,1.0,0.46739424860112067
811,0.11,0.54,0.93,0.4312010032706227,0.99,0.4839703486353249
812,0.15,0.21,1.0,0.4312010032706227,1.0,0.47619100239453266
813,0.0,0.05,1.0,0.42994872008609253,1.0,0.4692214938452719
814,0.0,0.62,0.91,0.2507263294347249,0.05,0.47592490441396884
815,0.0,0.18,1.0,0.24954298511879025,1.0,0.4691988184502206
816,0.0,0.06,0.12,0.4521118672140935,0.02,0.4655726480797098
817,0.0,0.16,0.99,0.40571339932662137,1.0,0.4722508083411201
818,0.0,0.77,0.91,0.401037946129842,0.44,0.4906794250583053
819,0.0,0.0,0.23,0.17264632361215881,0.02,0.4544763365200345
820,0.0,0.01,0.0,0.413655538909783,0.0,0.44731639870966694
821,0.0,0.02,0.94,0.4497689309305596,0.98,0.4569456917530039
822,0.0,0.12,0.29,0.2629996400522628,0.09,0.47160656096458503
823,0.0,0.8,1.0,0.44336770622789207,0.72,0.48643049209083594
824,0.0,0.22,0.14,0.4328507915595176,0.0,0.4760457405953899
825,0.0,0.48,0.79,0.4390685926506843,0.98,0.47333444134707636
826,0.03,0.76,1.0,0.4440890314168506,0.98,0.4714336037382146
827,0.0,0.18,0.14,0.4316740263281046,0.1,0.4721027993105883
828,0.0,0.14,0.0,0.44985042244069434,0.0,0.4743307755308763
829,0.0,0.57,0.02,0.4328507915595176,0.01,0.4827417259758697
830,0.0,0.26,0.0,0.4343244128524685,0.0,0.4776558210457553
831,0.0,0.43,1.0,0.3866678718621428,1.0,0.4806769094604412
832,0.0,0.83,0.96,0.4474645691824016,0.01,0.49166236437584176
833,0.02,0.05,0.89,0.45807812424756494,0.96,0.4692100164637526
834,0.0,0.8,1.0,0.2575027907876169,0.0,0.47467966599040096
835,0.0,0.3,0.79,0.17264632361215881,0.93,0.47787028281768823
836,0.0,0.31,0.0,0.45707404924940503,0.0,0.48086623656034966
837,0.0,0.93,0.71,0.3633680455868924,0.53,0.4823160319199313
838,0.0,0.29,0.88,0.2507263294347249,0.43,0.4722175341566917
839,0.0,0.21,1.0,0.36219180442020577,0.0,0.4723078887938718
840,0.0,0.93,1.0,0.4316740263281046,1.0,0.490953817584933
841,0.0,0.01,0.92,0.3866678718621428,0.82,0.4568548047410664
842,0.0,0.99,0.96,0.3866678718621428,0.01,0.4911069758045266
843,0.0,0.03,0.96,0.44173859166662993,0.99,0.4697955793118188
844,0.0,0.84,0.0,0.4630335088984916,0.0,0.4681038077248119
845,0.0,0.03,1.0,0.44336770622789207,1.0,0.45901408386163156
846,0.0,0.47,1.0,0.3197595126087458,0.04,0.4857122805416191
847,0.0,0.27,0.04,0.4328507915595176,0.41,0.46106118154555437
848,0.0,0.97,1.0,0.34635163309593264,0.78,0.4974562500981053
849,0.0,0.2,0.85,0.36219180442020577,0.0,0.4759239446456199
850,0.0,0.8,0.29,0.4390685926506843,0.9,0.471840707014657
851,0.0,0.12,0.92,0.44173859166662993,0.76,0.4749169184904717
852,0.0,0.17,1.0,0.19991324877057545,1.0,0.471538027978939
853,0.0,0.79,0.45,0.3866678718621428,0.01,0.48821227009831225
854,0.0,0.74,1.0,0.2629996400522628,1.0,0.4902320324276946
855,0.0,0.14,1.0,0.36481573241169957,1.0,0.4761952077838282
856,0.03,0.35,1.0,0.4440890314168506,0.99,0.4713719068766005
857,0.0,0.41,0.21,0.2939609268454136,0.0,0.4859973344910098
858,0.01,0.6,0.0,0.4474645691824016,0.0,0.47693123386439207
859,0.0,0.65,0.0,0.4343244128524685,0.09,0.4881097667707211
860,0.0,0.32,1.0,0.2629996400522628,1.0,0.47980732598596093
861,0.0,0.93,0.41,0.4390338954061107,0.17,0.4950602760674301
862,0.0,0.22,0.96,0.07445332205295248,1.0,0.47909875404956026
863,0.0,0.75,1.0,0.43439037650452655,0.56,0.49232775214349245
864,0.0,0.11,0.11,0.12849317335202026,0.38,0.4722851724924399
865,0.07,0.87,0.63,0.4440890314168506,0.04,0.4692820670087466
866,0.01,0.66,0.0,0.45707404924940503,0.0,0.4861711861716169
867,0.0,0.43,0.95,0.40481432585906524,0.63,0.4871185776700524
868,0.0,0.4,0.3,0.40481432585906524,0.0,0.48459085892002907
869,0.0,0.59,0.99,0.3515811831227742,0.0,0.48518197008923586
870,0.0,0.03,0.01,0.44291726262429065,0.0,0.46691175418050784
871,0.0,0.1,1.0,0.43439037650452655,1.0,0.46541186091539605
872,0.0,0.78,0.75,0.24041136810680813,0.68,0.47357947247128135
873,0.0,0.72,0.02,0.4521118672140935,0.0,0.4879806830309425
874,0.0,0.77,1.0,0.25863988183350833,0.14,0.48717059708720506
875,0.0,0.61,1.0,0.2939609268454136,1.0,0.48982956599099947
876,0.0,0.19,0.0,0.4221808832015208,0.0,0.4784488898815036
877,0.0,0.41,1.0,0.3866678718621428,0.98,0.4858049214365596
878,0.01,0.05,0.37,0.4445785608261489,0.3,0.4694052805981508
879,0.0,0.48,1.0,0.2573193503497552,0.02,0.486218485572923
880,0.0,0.7,0.89,0.25863988183350833,0.0,0.4844312255097604
881,0.01,0.47,0.8,0.4459169305492638,0.0,0.46730200215499895
882,0.0,0.64,0.99,0.4316740263281046,0.0,0.4864790269698842
883,0.0,0.0,0.0,0.3866678718621428,0.05,0.46557194195821394
884,0.01,0.81,0.95,0.44409347229684815,0.0,0.4792709546818255
885,0.0,0.27,0.13,0.2507263294347249,0.71,0.4773846444799552
886,0.0,0.14,0.0,0.4045681038564729,0.01,0.477072060598335
887,0.0,0.81,1.0,0.4203819499447943,0.99,0.48031370150952907
888,0.0,0.93,1.0,0.40571339932662137,0.01,0.47717210298469803
889,0.0,0.44,1.0,0.12849317335202026,1.0,0.48815079783863063
890,0.0,0.56,0.01,0.3921430315855237,0.0,0.4828150038048645
891,0.0,0.38,0.92,0.4328971744843584,0.99,0.4846409344867807
892,0.0,0.31,1.0,0.05865837488511844,0.32,0.46076215325544884
893,0.0,0.45,0.11,0.45707404924940503,0.43,0.4862988927199186
894,0.0,0.03,0.0,0.28019864782398896,0.21,0.46709306571489856
895,0.0,0.2,1.0,0.12849317335202026,0.96,0.4813046525359444
896,0.0,0.39,0.99,0.42620415604858575,0.88,0.47238632746420256
897,0.0,0.0,0.69,0.42994872008609253,0.96,0.41543565773326735
898,0.1,0.02,1.0,0.4440890314168506,1.0,0.4562927271502802
899,0.0,0.95,0.85,0.4203819499447943,0.93,0.48122354563088854
900,0.0,0.49,0.94,0.28019864782398896,0.97,0.46739806352379004
901,0.0,0.14,0.92,0.42994872008609253,0.92,0.4810882298294747
902,0.01,0.0,0.0,0.44985042244069434,0.0,0.43171050062801675
903,0.0,0.8,1.0,0.25863988183350833,1.0,0.48677025627255427
904,0.0,0.52,1.0,0.17488038557487728,1.0,0.46790447021418463
905,0.0,0.94,1.0,0.42994872008609253,0.0,0.48997749005981506
906,0.0,0.67,0.51,0.45707404924940503,0.52,0.4789516080978658
907,0.0,0.75,0.85,0.40571339932662137,0.97,0.47203361297663127
908,0.01,0.0,1.0,0.44409347229684815,1.0,0.4315528769761423
909,0.0,0.24,0.99,0.41834966156673536,0.96,0.46394253719595063
910,0.0,0.03,0.0,0.450465260435319,0.0,0.4677209176951283
911,0.0,0.55,0.57,0.19424222427482982,0.28,0.4874098416447886
912,0.0,0.16,0.01,0.3866678718621428,0.01,0.47349780224919863
913,0.0,0.32,0.9,0.4343244128524685,0.07,0.4755113895044103
914,0.0,0.06,0.04,0.4045681038564729,0.0,0.4686044758172706
915,0.0,0.92,0.69,0.3866678718621428,0.01,0.49027790210443956
916,0.0,0.03,1.0,0.17488038557487728,0.0,0.4563355249890652
917,0.0,0.0,0.0,0.27936253271158507,0.0,0.4346655775122727
918,0.0,0.0,0.0,0.4328507915595176,0.0,0.4413995504887379
919,0.0,0.11,0.0,0.4343244128524685,0.07,0.4716958861262255
920,0.0,0.01,1.0,0.27936253271158507,0.0,0.4580680829644861
921,0.0,0.5,0.09,0.2629996400522628,0.01,0.48588468675063573
922,0.0,0.0,0.0,0.3984825642725378,0.0,0.45900819061747766
923,0.17,0.13,0.97,0.4312010032706227,0.82,0.4615683691736981
924,0.0,0.15,0.87,0.36270248078570366,0.0,0.47310081700194767
925,0.03,0.39,0.69,0.4444629654360609,0.51,0.4622278902779924
926,0.01,0.55,0.99,0.4444629654360609,0.97,0.4673967599909866
927,0.01,0.82,0.0,0.45707404924940503,0.29,0.48665431179696417
928,0.0,0.02,0.71,0.36481573241169957,0.93,0.4633536316443063
929,0.0,0.13,0.96,0.17488038557487728,1.0,0.45380307790008617
930,0.0,0.1,1.0,0.42620415604858575,1.0,0.47749419291814077
931,0.0,0.1,0.0,0.3866678718621428,0.0,0.4730209631174637
932,0.0,0.46,0.9,0.4390338954061107,0.85,0.4853326755891692
933,0.0,0.46,1.0,0.24954298511879025,1.0,0.47830884476989305
934,0.0,0.52,1.0,0.44985042244069434,0.96,0.4847777457727464
935,0.0,0.82,1.0,0.12849317335202026,0.67,0.4929023880560609
936,0.0,0.04,0.95,0.3197595126087458,0.96,0.47399725975184537
937,0.0,0.0,1.0,0.27936253271158507,1.0,0.4552373999876764
938,0.0,0.98,0.91,0.450465260435319,0.01,0.497252324337251
939,0.0,0.64,0.85,0.3866678718621428,0.93,0.48263189031365594
940,0.0,0.33,1.0,0.28019864782398896,0.0,0.46131688561330275
941,0.0,0.18,0.46,0.4459169305492638,0.29,0.46153701006909387
942,0.0,0.35,1.0,0.42620415604858575,1.0,0.48473013450841546
943,0.0,0.33,0.0,0.4474645691824016,0.0,0.4762104764595574
944,0.0,0.15,0.98,0.4390338954061107,0.18,0.47458974137422355
945,0.0,0.02,0.33,0.4328507915595176,0.18,0.4540403705521258
946,0.0,0.19,0.58,0.450465260435319,0.0,0.479830011245072
947,0.0,0.0,0.97,0.44336770622789207,1.0,0.443411572379332
948,0.0,0.15,0.0,0.41834966156673536,0.0,0.4535620975398265
949,0.0,0.01,0.01,0.42994872008609253,0.64,0.4581772649728394
950,0.0,0.17,1.0,0.28019864782398896,1.0,0.4620568936007002
951,0.0,0.51,1.0,0.45807812424756494,0.0,0.4832939548375217
952,0.0,0.34,0.0,0.4203819499447943,0.0,0.4708118899306448
953,0.0,0.0,0.85,0.12849317335202026,0.97,0.4667690331041797
954,0.0,0.86,0.69,0.4316740263281046,0.93,0.48870640657805015
955,0.0,0.01,0.24,0.4328507915595176,0.7,0.44749610618935304
956,0.0,0.83,1.0,0.3842910730078735,0.0,0.48734352032056083
957,0.0,0.45,1.0,0.17264632361215881,0.0,0.4746109071988097
958,0.0,0.48,1.0,0.2939609268454136,0.72,0.48535145274238606
959,0.0,0.27,0.16,0.40571339932662137,0.01,0.477417164725909
960,0.01,0.71,0.64,0.4630335088984916,0.0,0.4683766154857832
961,0.0,0.72,0.68,0.413655538909783,0.0,0.4703194171624986
962,0.0,0.29,0.77,0.413655538909783,0.0,0.4653920945332151
963,0.0,0.78,0.35,0.2573193503497552,0.04,0.4884127689881428
964,0.0,0.02,1.0,0.44409347229684815,0.99,0.4631213162115384
965,0.0,0.92,1.0,0.4221808832015208,0.0,0.4915023676480249
966,0.0,0.04,1.0,0.24875372085981573,1.0,0.4677762595757302
967,0.0,0.46,1.0,0.19991324877057545,0.08,0.48364713243592994
968,0.0,0.17,0.99,0.36481573241169957,0.08,0.4770484865478576
969,0.0,0.0,0.99,0.07445332205295248,1.0,0.45381255208160853
970,0.0,0.02,0.51,0.19991324877057545,0.03,0.47234856234635153
971,0.0,0.82,1.0,0.2573193503497552,1.0,0.4883696092714533
972,0.0,0.57,0.99,0.413655538909783,0.88,0.46637593661340576
973,0.0,0.21,1.0,0.19424222427482982,0.08,0.4775680158988288
974,0.01,0.31,0.99,0.4440890314168506,1.0,0.46989796006533235
975,0.0,0.1,0.91,0.45924410664384596,0.84,0.46550097351363423
976,0.0,0.31,0.99,0.4343244128524685,0.0,0.4719783189005774
977,0.0,0.16,0.98,0.4465289505538382,0.85,0.478345274808863
978,0.13,0.02,1.0,0.4312010032706227,0.84,0.4511532306298702
979,0.03,0.94,0.62,0.4445785608261489,0.3,0.4956419391782343
980,0.0,0.16,1.0,0.43439037650452655,0.99,0.4693572278179643
981,0.0,0.72,0.2,0.4203819499447943,0.49,0.4800180809777562
982,0.0,0.13,1.0,0.3866678718621428,1.0,0.469642108340738
983,0.0,0.08,1.0,0.011570404194885522,0.0,0.4713041217508523
984,0.0,0.01,0.02,0.44173859166662993,0.13,0.45668478819047975
985,0.0,0.01,0.0,0.42620415604858575,0.0,0.446095941698445
986,0.0,0.7,0.94,0.2629996400522628,0.91,0.48788435726763885
987,0.0,0.86,1.0,0.40481432585906524,0.99,0.4852116728974023
988,0.0,0.75,0.01,0.45924410664384596,0.0,0.47671809391461684
989,0.0,0.56,1.0,0.27936253271158507,0.07,0.48941970333456736
990,0.0,0.42,0.86,0.40481432585906524,0.78,0.4867099222356449
991,0.0,0.15,1.0,0.19424222427482982,0.89,0.47690608181451305
992,0.0,0.97,0.62,0.24954298511879025,0.97,0.4984642941262295
993,0.0,0.16,0.27,0.27936253271158507,0.3,0.4771506765696283
994,0.0,0.22,0.33,0.44291726262429065,0.0,0.4815111243230849
995,0.0,0.33,1.0,0.4390338954061107,1.0,0.47474598998093664
996,0.0,0.27,0.97,0.2939609268454136,0.67,0.47291043280492756
997,0.0,0.36,1.0,0.2939609268454136,0.0,0.47952242462432976
998,0.0,0.96,1.0,0.29512183989666363,0.01,0.48318047684421706
999,0.0,0.03,1.0,0.17488038557487728,0.0,0.4481120774032804
