0.5 0.2 0.5 0.2
0.5 0.2 0.5 0.5
0.5 0.2 0.5 0.8
0.5 0.2 0.5 1
0.5 0.2 0.5 3
0.5 0.2 1 0.2
0.5 0.2 1 0.5
0.5 0.2 1 0.8
0.5 0.2 1 1
0.5 0.2 1 3
0.5 0.5 0.5 0.2
0.5 0.5 0.5 0.5
0.5 0.5 0.5 0.8
0.5 0.5 0.5 1
0.5 0.5 0.5 3
0.5 0.5 1 0.2
0.5 0.5 1 0.5
0.5 0.5 1 0.8
0.5 0.5 1 1
0.5 0.5 1 3
0.5 0.8 0.5 0.2
0.5 0.8 0.5 0.5
0.5 0.8 0.5 0.8
0.5 0.8 0.5 1
0.5 0.8 0.5 3
0.5 0.8 1 0.2
0.5 0.8 1 0.5
0.5 0.8 1 0.8
0.5 0.8 1 1
0.5 0.8 1 3
0.5 1 0.5 0.2
0.5 1 0.5 0.5
0.5 1 0.5 0.8
0.5 1 0.5 1
0.5 1 0.5 3
0.5 1 1 0.2
0.5 1 1 0.5
0.5 1 1 0.8
0.5 1 1 1
0.5 1 1 3
0.5 3 0.5 0.2
0.5 3 0.5 0.5
0.5 3 0.5 0.8
0.5 3 0.5 1
0.5 3 0.5 3
0.5 3 1 0.2
0.5 3 1 0.5
0.5 3 1 0.8
0.5 3 1 1
0.5 3 1 3
1 0.2 0.5 0.2
1 0.2 0.5 0.5
1 0.2 0.5 0.8
1 0.2 0.5 1
1 0.2 0.5 3
1 0.2 1 0.2
1 0.2 1 0.5
1 0.2 1 0.8
1 0.2 1 1
1 0.2 1 3
1 0.5 0.5 0.2
1 0.5 0.5 0.5
1 0.5 0.5 0.8
1 0.5 0.5 1
1 0.5 0.5 3
1 0.5 1 0.2
1 0.5 1 0.5
1 0.5 1 0.8
1 0.5 1 1
1 0.5 1 3
1 0.8 0.5 0.2
1 0.8 0.5 0.5
1 0.8 0.5 0.8
1 0.8 0.5 1
1 0.8 0.5 3
1 0.8 1 0.2
1 0.8 1 0.5
1 0.8 1 0.8
1 0.8 1 1
1 0.8 1 3
1 1 0.5 0.2
1 1 0.5 0.5
1 1 0.5 0.8
1 1 0.5 1
1 1 0.5 3
1 1 1 0.2
1 1 1 0.5
1 1 1 0.8
1 1 1 1
1 1 1 3
1 3 0.5 0.2
1 3 0.5 0.5
1 3 0.5 0.8
1 3 0.5 1
1 3 0.5 3
1 3 1 0.2
1 3 1 0.5
1 3 1 0.8
1 3 1 1
1 3 1 3
