Seed 143824576144817744597843627238440000388
0,0.0,0.82,1.0,0.413655538909783
1,0.0,0.98,0.47,0.4390685926506843
2,0.01,0.02,0.35,0.4445785608261489
3,0.0,0.46,0.75,0.27936253271158507
4,0.0,0.84,1.0,0.35336227630453204
5,0.0,0.79,1.0,0.35336227630453204
6,0.0,0.01,1.0,0.3037973838992398
7,0.0,0.18,0.98,0.44336770622789207
8,0.0,0.17,1.0,0.4160053826843171
9,0.0,0.28,1.0,0.29512183989666363
10,0.0,0.37,1.0,0.29599170668501484
11,0.0,0.78,0.92,0.4343244128524685
12,0.01,0.26,1.0,0.4497689309305596
13,0.0,0.86,0.96,0.011570404194885522
14,0.0,0.72,0.42,0.011570404194885522
15,0.0,0.69,0.98,0.34668723333519186
16,0.0,0.57,1.0,0.44336770622789207
17,0.0,0.02,0.98,0.4444629654360609
18,0.03,0.1,0.1,0.4630335088984916
19,0.0,0.76,0.63,0.011570404194885522
20,0.0,0.39,0.14,0.43191747682128684
21,0.01,0.16,0.67,0.4459169305492638
22,0.0,0.52,0.75,0.4390685926506843
23,0.0,0.14,1.0,0.34668723333519186
24,0.0,0.03,0.69,0.05865837488511844
25,0.0,0.37,0.21,0.4459169305492638
26,0.0,0.1,0.17,0.011570404194885522
27,0.0,0.66,0.9,0.4497689309305596
28,0.0,0.95,0.73,0.401037946129842
29,0.0,0.42,1.0,0.29599170668501484
30,0.0,0.53,0.99,0.413655538909783
31,0.0,0.22,0.93,0.3921430315855237
32,0.0,0.74,0.84,0.4390338954061107
33,0.0,0.33,1.0,0.35336227630453204
34,0.0,0.31,0.9,0.41035479877804587
35,0.0,0.39,0.17,0.3664173013573064
36,0.0,0.94,0.99,0.4343244128524685
37,0.0,0.45,1.0,0.35336227630453204
38,0.0,0.63,1.0,0.413655538909783
39,0.01,0.13,0.0,0.45807812424756494
40,0.0,0.86,0.06,0.4390338954061107
41,0.0,0.8,1.0,0.33427001537008416
42,0.0,0.55,0.99,0.413655538909783
43,0.0,0.04,0.64,0.3664173013573064
44,0.0,0.01,0.12,0.3037973838992398
45,0.0,0.22,0.56,0.4160053826843171
46,0.0,0.58,0.84,0.4390685926506843
47,0.0,0.85,0.98,0.3515811831227742
48,0.0,0.0,0.73,0.3037973838992398
49,0.0,0.52,0.9,0.45924410664384596
50,0.0,0.11,1.0,0.43439037650452655
51,0.0,0.23,0.94,0.4316740263281046
52,0.0,0.87,0.87,0.41834966156673536
53,0.0,0.03,1.0,0.19424222427482982
54,0.0,0.05,0.98,0.011570404194885522
55,0.0,0.02,0.88,0.3037973838992398
56,0.0,0.86,1.0,0.35336227630453204
57,0.0,0.2,0.9,0.34635163309593264
58,0.0,0.02,1.0,0.4003198587011539
59,0.0,0.87,1.0,0.4003198587011539
60,0.0,0.01,0.0,0.34635163309593264
61,0.0,0.0,1.0,0.3037973838992398
62,0.02,0.14,0.01,0.4459169305492638
63,0.0,0.05,0.91,0.4459169305492638
64,0.0,0.67,1.0,0.33427001537008416
65,0.0,0.12,0.6,0.4459169305492638
66,0.01,0.0,1.0,0.4444629654360609
67,0.0,0.41,0.08,0.4160053826843171
68,0.0,0.37,0.93,0.011570404194885522
69,0.0,0.01,0.92,0.4471185174042534
70,0.0,0.9,0.7,0.011570404194885522
71,0.0,0.27,0.99,0.4328507915595176
72,0.0,0.65,0.56,0.34668723333519186
73,0.0,0.59,0.97,0.3664173013573064
74,0.0,0.03,1.0,0.40571339932662137
75,0.0,0.47,0.0,0.3664173013573064
76,0.0,0.94,1.0,0.29599170668501484
77,0.0,0.03,0.48,0.35336227630453204
78,0.0,0.27,0.67,0.2575027907876169
79,0.0,0.05,0.0,0.35336227630453204
80,0.0,0.08,1.0,0.011570404194885522
81,0.0,0.01,1.0,0.28019864782398896
82,0.0,0.06,1.0,0.41035479877804587
83,0.02,0.62,0.82,0.4630335088984916
84,0.0,0.36,0.04,0.45807812424756494
85,0.0,0.17,0.0,0.34668723333519186
86,0.0,0.6,1.0,0.24041136810680813
87,0.0,0.12,1.0,0.011570404194885522
88,0.0,0.64,0.9,0.4459169305492638
89,0.0,0.0,1.0,0.4471185174042534
90,0.0,0.01,1.0,0.19424222427482982
91,0.0,0.96,1.0,0.28019864782398896
92,0.0,0.91,0.96,0.4328971744843584
93,0.0,0.51,1.0,0.28019864782398896
94,0.0,0.39,0.0,0.42994872008609253
95,0.0,0.2,1.0,0.24875372085981573
96,0.0,0.16,1.0,0.2939609268454136
97,0.0,0.04,0.96,0.45924410664384596
98,0.0,0.61,0.4,0.4630335088984916
99,0.0,0.0,0.64,0.44291726262429065
100,0.0,0.18,0.83,0.4471185174042534
101,0.0,0.65,1.0,0.29599170668501484
102,0.0,0.1,0.27,0.19424222427482982
103,0.0,0.38,1.0,0.35336227630453204
104,0.0,0.0,0.94,0.4471185174042534
105,0.0,0.18,0.91,0.40571339932662137
106,0.01,0.16,0.0,0.4471185174042534
107,0.0,0.93,0.89,0.34668723333519186
108,0.0,0.47,0.21,0.401037946129842
109,0.0,0.82,0.86,0.45924410664384596
110,0.0,0.08,0.92,0.4343244128524685
111,0.0,0.19,1.0,0.42620415604858575
112,0.0,0.0,1.0,0.401037946129842
113,0.0,0.0,0.0,0.36219180442020577
114,0.0,0.17,0.04,0.29599170668501484
115,0.15,0.46,0.9,0.4312010032706227
116,0.0,0.65,0.78,0.2575027907876169
117,0.0,0.86,0.88,0.4474645691824016
118,0.0,0.0,0.97,0.34668723333519186
119,0.0,0.01,1.0,0.413655538909783
120,0.0,0.78,0.0,0.4474645691824016
121,0.0,0.86,0.36,0.44336770622789207
122,0.0,0.53,0.99,0.011570404194885522
123,0.0,0.06,0.0,0.2575027907876169
124,0.0,0.05,0.89,0.44173859166662993
125,0.0,0.27,0.15,0.33427001537008416
126,0.0,0.02,0.03,0.3984825642725378
127,0.0,0.11,0.72,0.3984825642725378
128,0.0,0.66,1.0,0.3037973838992398
129,0.0,0.11,1.0,0.4003198587011539
130,0.0,0.02,1.0,0.29599170668501484
131,0.0,0.04,0.99,0.4471185174042534
132,0.0,0.08,0.05,0.2939609268454136
133,0.0,0.03,1.0,0.28019864782398896
134,0.0,0.1,1.0,0.27936253271158507
135,0.0,0.0,0.58,0.4445785608261489
136,0.0,0.63,1.0,0.33427001537008416
137,0.0,0.62,0.73,0.34668723333519186
138,0.0,0.0,0.13,0.2575027907876169
139,0.0,0.28,1.0,0.17264632361215881
140,0.0,0.05,0.71,0.011570404194885522
141,0.0,0.79,0.35,0.44291726262429065
142,0.0,0.35,0.66,0.4316740263281046
143,0.0,0.13,1.0,0.28019864782398896
144,0.0,0.74,1.0,0.28019864782398896
145,0.0,0.54,0.93,0.44291726262429065
146,0.0,0.15,1.0,0.4160053826843171
147,0.0,0.0,0.0,0.3984825642725378
148,0.0,0.0,1.0,0.44336770622789207
149,0.0,0.0,1.0,0.44336770622789207
150,0.0,0.7,1.0,0.35336227630453204
151,0.0,0.21,0.86,0.011570404194885522
152,0.0,0.97,0.88,0.3664173013573064
153,0.0,0.38,1.0,0.4160053826843171
154,0.0,0.41,1.0,0.4328971744843584
155,0.0,0.83,0.78,0.36270248078570366
156,0.0,0.34,0.82,0.4328507915595176
157,0.0,0.83,0.47,0.3664173013573064
158,0.0,0.58,0.59,0.3664173013573064
159,0.0,0.27,0.37,0.4459169305492638
160,0.0,0.22,0.7,0.4459169305492638
161,0.0,0.38,1.0,0.33427001537008416
162,0.0,0.0,0.03,0.3037973838992398
163,0.0,0.37,0.98,0.4471185174042534
164,0.03,0.98,0.99,0.44409347229684815
165,0.0,0.0,0.0,0.34635163309593264
166,0.0,0.76,1.0,0.17114249627996705
167,0.0,0.91,1.0,0.011570404194885522
168,0.0,0.15,1.0,0.2575027907876169
169,0.0,0.3,0.9,0.24875372085981573
170,0.0,0.56,1.0,0.33427001537008416
171,0.0,0.19,0.82,0.4445785608261489
172,0.0,0.05,1.0,0.33427001537008416
173,0.0,0.0,1.0,0.4445785608261489
174,0.0,0.45,1.0,0.19991324877057545
175,0.0,0.0,0.0,0.401037946129842
176,0.0,0.13,0.07,0.42994872008609253
177,0.0,0.63,1.0,0.2939609268454136
178,0.0,0.85,1.0,0.35336227630453204
179,0.0,0.82,0.59,0.4471185174042534
180,0.0,0.19,0.69,0.4390685926506843
181,0.0,0.5,1.0,0.2939609268454136
182,0.0,0.87,1.0,0.3037973838992398
183,0.0,0.46,0.54,0.2629996400522628
184,0.01,0.0,1.0,0.44409347229684815
185,0.0,0.31,1.0,0.4003198587011539
186,0.0,0.13,0.96,0.41834966156673536
187,0.01,0.9,0.4,0.4459169305492638
188,0.0,0.06,0.95,0.4160053826843171
189,0.0,0.42,1.0,0.40571339932662137
190,0.0,0.0,0.55,0.3037973838992398
191,0.0,0.07,0.23,0.011570404194885522
192,0.0,0.03,0.86,0.25863988183350833
193,0.0,0.43,1.0,0.35336227630453204
194,0.0,0.6,1.0,0.34668723333519186
195,0.02,0.03,0.73,0.44409347229684815
196,0.0,0.05,1.0,0.011570404194885522
197,0.0,0.22,0.8,0.4343244128524685
198,0.0,0.0,1.0,0.2507263294347249
199,0.0,0.21,0.95,0.29599170668501484
200,0.0,0.28,0.42,0.4316740263281046
201,0.0,0.0,0.85,0.34635163309593264
202,0.0,0.73,0.82,0.3842910730078735
203,0.0,0.73,0.84,0.4444629654360609
204,0.0,0.19,0.0,0.4471185174042534
205,0.0,0.53,0.06,0.36270248078570366
206,0.0,0.05,1.0,0.3664173013573064
207,0.0,0.06,0.0,0.33427001537008416
208,0.0,0.3,0.0,0.4474645691824016
209,0.02,0.34,1.0,0.4445785608261489
210,0.0,0.24,0.0,0.4459169305492638
211,0.0,0.0,0.0,0.34668723333519186
212,0.0,0.57,0.87,0.3664173013573064
213,0.0,0.52,0.84,0.17264632361215881
214,0.0,0.95,1.0,0.413655538909783
215,0.0,0.0,0.71,0.3664173013573064
216,0.0,0.44,1.0,0.2939609268454136
217,0.0,0.46,0.83,0.34668723333519186
218,0.0,0.43,0.98,0.4471185174042534
219,0.0,0.93,0.97,0.3664173013573064
220,0.0,0.38,1.0,0.33427001537008416
221,0.0,0.02,0.0,0.413655538909783
222,0.0,0.63,1.0,0.29599170668501484
223,0.0,0.02,0.95,0.011570404194885522
224,0.0,0.0,1.0,0.36481573241169957
225,0.0,0.01,0.69,0.2507263294347249
226,0.0,0.15,1.0,0.3984825642725378
227,0.0,0.6,1.0,0.29599170668501484
228,0.0,0.94,1.0,0.34668723333519186
229,0.0,0.06,1.0,0.4471185174042534
230,0.01,0.25,1.0,0.44409347229684815
231,0.0,0.6,1.0,0.27936253271158507
232,0.0,0.31,0.82,0.34668723333519186
233,0.0,0.32,0.12,0.34668723333519186
234,0.0,0.4,0.81,0.3866678718621428
235,0.0,0.21,0.28,0.4459169305492638
236,0.0,0.36,0.0,0.34668723333519186
237,0.0,0.38,0.64,0.42620415604858575
238,0.0,0.05,1.0,0.4471185174042534
239,0.0,0.96,1.0,0.27936253271158507
240,0.01,0.01,0.37,0.44409347229684815
241,0.0,0.11,1.0,0.29599170668501484
242,0.0,0.62,1.0,0.27936253271158507
243,0.0,0.04,1.0,0.4471185174042534
244,0.0,0.28,0.0,0.413655538909783
245,0.0,0.82,0.72,0.35336227630453204
246,0.0,0.21,0.27,0.28019864782398896
247,0.0,0.99,0.98,0.42620415604858575
248,0.0,0.62,1.0,0.35336227630453204
249,0.0,0.68,0.86,0.24875372085981573
250,0.0,0.0,0.0,0.3037973838992398
251,0.0,0.0,0.81,0.011570404194885522
252,0.0,0.51,1.0,0.011570404194885522
253,0.0,0.71,1.0,0.011570404194885522
254,0.0,0.12,0.0,0.44985042244069434
255,0.0,0.09,1.0,0.29599170668501484
256,0.0,0.83,0.05,0.4497689309305596
257,0.0,0.0,0.0,0.41834966156673536
258,0.0,0.84,0.38,0.4160053826843171
259,0.0,0.82,0.32,0.4160053826843171
260,0.0,0.2,1.0,0.33427001537008416
261,0.01,0.0,0.31,0.4459169305492638
262,0.0,0.85,0.48,0.45924410664384596
263,0.0,0.27,1.0,0.33427001537008416
264,0.01,0.34,0.0,0.4459169305492638
265,0.02,0.27,0.98,0.45924410664384596
266,0.0,0.21,0.99,0.011570404194885522
267,0.0,0.01,0.25,0.3664173013573064
268,0.0,0.92,0.69,0.3664173013573064
269,0.0,0.45,1.0,0.3037973838992398
270,0.0,0.08,1.0,0.3037973838992398
271,0.0,0.17,1.0,0.413655538909783
272,0.0,0.33,0.75,0.29599170668501484
273,0.01,0.24,0.86,0.4497689309305596
274,0.0,0.21,0.42,0.3664173013573064
275,0.0,0.48,1.0,0.3664173013573064
276,0.0,0.1,0.94,0.3921430315855237
277,0.0,0.61,0.0,0.4221808832015208
278,0.0,0.35,0.05,0.34668723333519186
279,0.0,0.32,1.0,0.33427001537008416
280,0.0,0.15,1.0,0.35336227630453204
281,0.0,0.2,0.0,0.4471185174042534
282,0.0,0.47,0.4,0.401037946129842
283,0.0,0.99,0.86,0.4160053826843171
284,0.0,0.14,1.0,0.35336227630453204
285,0.0,0.24,0.0,0.42620415604858575
286,0.0,0.3,0.33,0.4471185174042534
287,0.0,0.58,1.0,0.27936253271158507
288,0.0,0.15,1.0,0.3037973838992398
289,0.0,0.23,1.0,0.33427001537008416
290,0.0,0.13,0.01,0.4459169305492638
291,0.0,0.0,1.0,0.3515811831227742
292,0.0,0.3,0.09,0.4471185174042534
293,0.0,0.21,0.22,0.2575027907876169
294,0.0,0.88,0.72,0.42994872008609253
295,0.0,0.25,1.0,0.36219180442020577
296,0.0,0.54,0.99,0.35336227630453204
297,0.0,0.98,1.0,0.3037973838992398
298,0.0,0.12,1.0,0.17114249627996705
299,0.0,0.47,0.01,0.413655538909783
300,0.0,0.53,0.85,0.36270248078570366
301,0.0,0.76,0.75,0.2507263294347249
302,0.0,0.67,1.0,0.34668723333519186
303,0.0,0.72,0.2,0.4003198587011539
304,0.0,0.02,0.01,0.34668723333519186
305,0.0,0.05,0.17,0.3037973838992398
306,0.09,0.35,0.99,0.4440890314168506
307,0.0,0.42,0.99,0.4471185174042534
308,0.0,0.11,0.0,0.35336227630453204
309,0.0,0.0,0.05,0.33427001537008416
310,0.0,0.01,0.0,0.34668723333519186
311,0.0,0.81,1.0,0.29599170668501484
312,0.0,0.07,0.46,0.4003198587011539
313,0.0,0.54,0.0,0.44985042244069434
314,0.0,0.71,0.74,0.33427001537008416
315,0.0,0.35,0.9,0.4471185174042534
316,0.0,0.88,1.0,0.33427001537008416
317,0.0,0.36,0.94,0.011570404194885522
318,0.0,0.49,0.96,0.4160053826843171
319,0.0,0.22,0.99,0.4115462275778437
320,0.0,0.08,1.0,0.011570404194885522
321,0.0,0.42,1.0,0.4003198587011539
322,0.0,0.2,1.0,0.35336227630453204
323,0.01,0.74,0.98,0.4465289505538382
324,0.0,0.41,0.43,0.44985042244069434
325,0.0,0.89,0.17,0.4459169305492638
326,0.0,0.98,0.55,0.3664173013573064
327,0.0,0.18,0.75,0.27936253271158507
328,0.0,0.95,0.93,0.4003198587011539
329,0.0,0.26,0.0,0.3664173013573064
330,0.0,0.92,0.37,0.34668723333519186
331,0.0,0.51,1.0,0.4160053826843171
332,0.0,0.91,0.82,0.2575027907876169
333,0.0,0.85,1.0,0.35336227630453204
334,0.0,0.16,0.99,0.3664173013573064
335,0.0,0.02,0.33,0.33427001537008416
336,0.0,0.69,0.98,0.4471185174042534
337,0.0,0.0,0.66,0.413655538909783
338,0.0,0.03,0.99,0.450465260435319
339,0.0,0.55,1.0,0.33427001537008416
340,0.0,0.0,0.19,0.29599170668501484
341,0.0,0.42,0.04,0.35336227630453204
342,0.0,0.93,1.0,0.35336227630453204
343,0.0,0.82,0.99,0.4444629654360609
344,0.0,0.53,0.65,0.33427001537008416
345,0.0,0.01,0.0,0.4328971744843584
346,0.0,0.18,0.53,0.3037973838992398
347,0.0,0.19,1.0,0.29512183989666363
348,0.01,0.49,0.35,0.45924410664384596
349,0.0,0.85,0.69,0.4459169305492638
350,0.0,0.45,1.0,0.2939609268454136
351,0.0,0.01,0.4,0.44291726262429065
352,0.0,0.14,0.99,0.33427001537008416
353,0.0,0.19,1.0,0.2575027907876169
354,0.0,0.84,0.97,0.4497689309305596
355,0.0,0.63,0.99,0.4471185174042534
356,0.0,0.51,1.0,0.3664173013573064
357,0.0,0.36,0.78,0.3633680455868924
358,0.0,0.0,0.0,0.29599170668501484
359,0.0,0.14,0.0,0.4328971744843584
360,0.0,0.02,0.83,0.44336770622789207
361,0.0,0.68,1.0,0.29599170668501484
362,0.0,0.4,0.38,0.4343244128524685
363,0.0,0.61,0.46,0.4160053826843171
364,0.01,0.99,0.84,0.4445785608261489
365,0.0,0.01,0.93,0.011570404194885522
366,0.0,0.54,1.0,0.2507263294347249
367,0.0,0.29,0.98,0.3921430315855237
368,0.0,0.99,0.84,0.4497689309305596
369,0.0,0.09,0.97,0.17114249627996705
370,0.0,0.64,0.38,0.4471185174042534
371,0.0,0.96,1.0,0.29599170668501484
372,0.02,0.91,0.31,0.4445785608261489
373,0.0,0.57,0.52,0.011570404194885522
374,0.0,0.01,0.0,0.29599170668501484
375,0.0,0.2,0.0,0.3664173013573064
376,0.0,0.0,0.8,0.28019864782398896
377,0.0,0.41,1.0,0.4316740263281046
378,0.0,0.0,0.73,0.3037973838992398
379,0.13,0.29,0.03,0.4312010032706227
380,0.0,0.71,0.0,0.4474645691824016
381,0.0,0.1,1.0,0.450465260435319
382,0.0,0.23,0.65,0.42994872008609253
383,0.0,0.62,0.35,0.3866678718621428
384,0.0,0.45,0.75,0.29599170668501484
385,0.0,0.03,1.0,0.3037973838992398
386,0.0,0.35,0.0,0.44409347229684815
387,0.0,0.0,1.0,0.40481432585906524
388,0.0,0.59,1.0,0.011570404194885522
389,0.0,0.68,0.78,0.4390685926506843
390,0.0,0.41,1.0,0.3664173013573064
391,0.0,0.31,1.0,0.011570404194885522
392,0.0,0.0,0.03,0.34668723333519186
393,0.0,0.15,1.0,0.34668723333519186
394,0.0,0.13,0.99,0.011570404194885522
395,0.0,0.05,1.0,0.3866678718621428
396,0.02,0.72,0.23,0.4445785608261489
397,0.0,0.99,0.99,0.3842910730078735
398,0.0,0.57,0.76,0.4465289505538382
399,0.0,0.62,1.0,0.33427001537008416
400,0.0,0.42,0.97,0.19991324877057545
401,0.0,0.0,0.07,0.34668723333519186
402,0.0,0.44,0.69,0.43191747682128684
403,0.0,0.84,1.0,0.4497689309305596
404,0.0,0.68,1.0,0.24875372085981573
405,0.03,0.06,0.99,0.4440890314168506
406,0.0,0.0,0.13,0.3037973838992398
407,0.0,0.85,1.0,0.41035479877804587
408,0.0,0.04,0.03,0.27936253271158507
409,0.0,0.15,0.52,0.35336227630453204
410,0.0,1.0,1.0,0.3664173013573064
411,0.0,0.83,0.47,0.43191747682128684
412,0.0,0.28,0.99,0.42994872008609253
413,0.0,0.18,0.95,0.29599170668501484
414,0.0,0.0,0.0,0.43439037650452655
415,0.0,0.67,0.97,0.2575027907876169
416,0.0,0.64,1.0,0.29599170668501484
417,0.0,0.89,0.02,0.43439037650452655
418,0.0,0.9,1.0,0.40571339932662137
419,0.02,0.04,0.0,0.4445785608261489
420,0.0,0.59,0.52,0.42994872008609253
421,0.0,0.12,0.9,0.4343244128524685
422,0.0,1.0,1.0,0.33427001537008416
423,0.0,0.54,0.31,0.4160053826843171
424,0.0,0.12,1.0,0.4471185174042534
425,0.0,0.17,1.0,0.34635163309593264
426,0.0,0.16,0.65,0.4459169305492638
427,0.0,0.79,0.5,0.4459169305492638
428,0.0,0.42,1.0,0.413655538909783
429,0.0,0.02,0.92,0.2575027907876169
430,0.0,0.57,0.0,0.4471185174042534
431,0.0,0.06,0.79,0.3037973838992398
432,0.0,0.0,0.0,0.44985042244069434
433,0.0,0.98,1.0,0.3037973838992398
434,0.0,0.63,0.73,0.011570404194885522
435,0.0,0.85,1.0,0.4328971744843584
436,0.0,0.0,0.0,0.35336227630453204
437,0.0,0.0,0.0,0.24041136810680813
438,0.0,0.93,0.73,0.33427001537008416
439,0.0,0.02,0.15,0.36270248078570366
440,0.0,0.71,1.0,0.35336227630453204
441,0.0,0.01,0.29,0.27936253271158507
442,0.0,0.3,0.85,0.4471185174042534
443,0.0,0.35,0.42,0.34668723333519186
444,0.0,0.0,0.0,0.35336227630453204
445,0.0,0.21,0.99,0.4465289505538382
446,0.0,0.03,0.0,0.4444629654360609
447,0.0,0.4,0.77,0.4459169305492638
448,0.0,0.98,0.95,0.40571339932662137
449,0.0,0.76,1.0,0.36481573241169957
450,0.0,0.2,0.99,0.4471185174042534
451,0.0,0.5,0.08,0.4003198587011539
452,0.0,0.75,1.0,0.29599170668501484
453,0.0,0.0,0.23,0.45924410664384596
454,0.0,0.1,0.0,0.4471185174042534
455,0.0,0.48,0.57,0.4390685926506843
456,0.0,0.34,0.0,0.3197595126087458
457,0.0,0.27,0.04,0.3664173013573064
458,0.0,0.15,0.72,0.2575027907876169
459,0.0,0.1,1.0,0.41035479877804587
460,0.0,0.45,0.47,0.011570404194885522
461,0.0,0.0,1.0,0.4471185174042534
462,0.0,0.02,1.0,0.4497689309305596
463,0.0,0.29,1.0,0.34668723333519186
464,0.0,0.16,0.92,0.4390685926506843
465,0.0,0.0,0.0,0.4471185174042534
466,0.0,0.42,1.0,0.413655538909783
467,0.0,1.0,0.23,0.33427001537008416
468,0.0,0.64,1.0,0.24875372085981573
469,0.0,0.53,0.99,0.42620415604858575
470,0.0,0.19,0.0,0.3664173013573064
471,0.0,0.13,0.88,0.34668723333519186
472,0.0,0.49,0.91,0.2939609268454136
473,0.0,0.48,0.68,0.35336227630453204
474,0.01,0.09,0.0,0.4445785608261489
475,0.0,0.02,0.76,0.34635163309593264
476,0.0,0.18,0.45,0.2575027907876169
477,0.0,0.01,0.0,0.3984825642725378
478,0.0,0.3,1.0,0.17114249627996705
479,0.0,0.12,0.0,0.413655538909783
480,0.01,0.02,0.91,0.4444629654360609
481,0.0,0.19,1.0,0.011570404194885522
482,0.0,0.86,1.0,0.24041136810680813
483,0.0,0.4,0.72,0.4471185174042534
484,0.0,0.01,0.0,0.3664173013573064
485,0.0,0.45,1.0,0.33427001537008416
486,0.0,0.03,1.0,0.3664173013573064
487,0.0,0.56,1.0,0.4003198587011539
488,0.0,0.01,1.0,0.4221808832015208
489,0.0,0.02,1.0,0.34668723333519186
490,0.0,0.58,1.0,0.24875372085981573
491,0.0,0.34,1.0,0.413655538909783
492,0.01,0.53,0.51,0.4459169305492638
493,0.0,0.07,1.0,0.2507263294347249
494,0.0,0.64,1.0,0.011570404194885522
495,0.01,0.01,0.63,0.4445785608261489
496,0.0,0.1,1.0,0.4221808832015208
497,0.0,0.11,1.0,0.29599170668501484
498,0.0,0.09,0.29,0.2939609268454136
499,0.0,0.03,1.0,0.35336227630453204
500,0.0,0.81,1.0,0.27936253271158507
501,0.0,0.38,0.93,0.45924410664384596
502,0.0,0.43,0.11,0.29599170668501484
503,0.0,0.03,1.0,0.011570404194885522
504,0.0,0.15,1.0,0.41035479877804587
505,0.0,0.84,0.96,0.33427001537008416
506,0.0,0.3,0.99,0.2575027907876169
507,0.0,0.94,0.65,0.4221808832015208
508,0.0,0.06,0.93,0.4471185174042534
509,0.0,0.45,1.0,0.28019864782398896
510,0.0,0.38,0.39,0.3664173013573064
511,0.0,0.03,0.99,0.401037946129842
512,0.0,0.19,1.0,0.41035479877804587
513,0.0,0.72,1.0,0.2629996400522628
514,0.0,0.44,0.96,0.4390338954061107
515,0.0,0.0,0.0,0.3866678718621428
516,0.0,0.18,0.94,0.34668723333519186
517,0.0,0.17,1.0,0.33427001537008416
518,0.0,0.66,0.15,0.011570404194885522
519,0.0,0.67,1.0,0.29599170668501484
520,0.0,0.49,0.13,0.34668723333519186
521,0.0,0.52,0.4,0.42994872008609253
522,0.0,0.56,0.84,0.42994872008609253
523,0.0,0.03,0.0,0.42994872008609253
524,0.0,0.86,1.0,0.17114249627996705
525,0.0,0.0,1.0,0.19424222427482982
526,0.0,0.0,0.0,0.3515811831227742
527,0.02,0.02,0.0,0.4445785608261489
528,0.0,0.32,0.23,0.011570404194885522
529,0.0,0.41,1.0,0.34668723333519186
530,0.01,0.03,0.0,0.4445785608261489
531,0.0,0.23,0.04,0.34668723333519186
532,0.02,0.14,0.0,0.4445785608261489
533,0.0,0.16,0.14,0.4459169305492638
534,0.0,0.01,0.99,0.011570404194885522
535,0.0,0.0,1.0,0.4471185174042534
536,0.01,0.39,0.0,0.44409347229684815
537,0.0,0.01,0.02,0.4471185174042534
538,0.0,0.72,0.97,0.4203819499447943
539,0.0,0.55,1.0,0.4221808832015208
540,0.0,0.7,1.0,0.19991324877057545
541,0.01,0.22,0.99,0.4471185174042534
542,0.0,0.1,0.06,0.4444629654360609
543,0.0,0.99,1.0,0.33427001537008416
544,0.0,0.25,1.0,0.34668723333519186
545,0.0,0.8,0.94,0.011570404194885522
546,0.0,0.24,1.0,0.17114249627996705
547,0.0,0.49,0.37,0.3037973838992398
548,0.0,0.31,0.98,0.17114249627996705
549,0.0,0.69,0.69,0.3664173013573064
550,0.0,0.07,0.68,0.24041136810680813
551,0.0,0.03,0.0,0.3037973838992398
552,0.0,0.18,1.0,0.33427001537008416
553,0.0,0.34,1.0,0.2939609268454136
554,0.0,0.4,0.98,0.4160053826843171
555,0.0,0.01,1.0,0.44291726262429065
556,0.0,0.02,0.97,0.2575027907876169
557,0.0,0.22,0.24,0.27936253271158507
558,0.0,0.09,0.81,0.4160053826843171
559,0.21,0.74,0.95,0.4312010032706227
560,0.0,0.67,0.66,0.4497689309305596
561,0.0,0.94,0.85,0.4471185174042534
562,0.0,0.48,0.22,0.4003198587011539
563,0.0,0.0,0.96,0.4459169305492638
564,0.0,0.79,1.0,0.2939609268454136
565,0.0,0.26,0.14,0.3037973838992398
566,0.0,0.0,1.0,0.4444629654360609
567,0.0,0.1,0.0,0.34668723333519186
568,0.0,0.64,0.37,0.42620415604858575
569,0.0,0.56,0.37,0.3664173013573064
570,0.0,0.95,1.0,0.28019864782398896
571,0.0,0.4,1.0,0.27936253271158507
572,0.0,0.68,1.0,0.28019864782398896
573,0.0,0.01,0.0,0.34668723333519186
574,0.0,0.03,1.0,0.4471185174042534
575,0.0,0.59,0.28,0.4203819499447943
576,0.0,0.2,0.56,0.4459169305492638
577,0.0,0.0,0.0,0.2939609268454136
578,0.0,0.04,0.94,0.2939609268454136
579,0.0,0.81,1.0,0.4003198587011539
580,0.04,0.08,0.0,0.44409347229684815
581,0.0,0.02,0.87,0.4390685926506843
582,0.0,0.49,0.14,0.3664173013573064
583,0.0,0.98,1.0,0.3515811831227742
584,0.0,0.0,0.01,0.34668723333519186
585,0.0,0.0,1.0,0.3921430315855237
586,0.0,0.83,1.0,0.4445785608261489
587,0.0,0.74,1.0,0.34635163309593264
588,0.0,0.23,0.9,0.011570404194885522
589,0.0,0.36,1.0,0.34668723333519186
590,0.0,1.0,0.96,0.3842910730078735
591,0.0,0.35,0.56,0.4445785608261489
592,0.0,0.9,1.0,0.34668723333519186
593,0.0,0.94,1.0,0.28019864782398896
594,0.0,0.06,0.74,0.2575027907876169
595,0.04,0.88,0.41,0.4440890314168506
596,0.0,0.16,1.0,0.3037973838992398
597,0.0,0.66,0.88,0.4003198587011539
598,0.0,0.56,0.54,0.44336770622789207
599,0.0,0.43,0.35,0.33427001537008416
600,0.0,0.34,0.72,0.011570404194885522
601,0.0,0.0,0.0,0.34668723333519186
602,0.0,0.97,0.97,0.42620415604858575
603,0.0,0.57,0.99,0.43439037650452655
604,0.0,0.09,0.96,0.4471185174042534
605,0.0,0.97,0.97,0.41834966156673536
606,0.0,0.15,1.0,0.413655538909783
607,0.0,0.01,0.02,0.3866678718621428
608,0.0,0.26,1.0,0.35336227630453204
609,0.0,0.52,0.0,0.4459169305492638
610,0.0,0.97,0.89,0.36270248078570366
611,0.0,0.04,0.79,0.413655538909783
612,0.0,0.7,0.99,0.29599170668501484
613,0.01,0.0,1.0,0.4444629654360609
614,0.0,0.41,0.79,0.4203819499447943
615,0.0,0.02,0.02,0.4045681038564729
616,0.0,0.12,0.0,0.4459169305492638
617,0.0,0.54,0.94,0.40571339932662137
618,0.0,0.46,1.0,0.011570404194885522
619,0.0,0.18,1.0,0.413655538909783
620,0.0,0.74,1.0,0.3037973838992398
621,0.0,0.37,1.0,0.4471185174042534
622,0.0,0.26,0.98,0.44336770622789207
623,0.0,0.2,1.0,0.44336770622789207
624,0.0,0.04,0.49,0.27936253271158507
625,0.0,0.01,0.61,0.35336227630453204
626,0.0,0.02,0.23,0.27936253271158507
627,0.0,0.12,1.0,0.3664173013573064
628,0.0,0.78,1.0,0.4003198587011539
629,0.0,0.92,0.97,0.3037973838992398
630,0.0,0.66,1.0,0.3921430315855237
631,0.0,0.06,0.0,0.4471185174042534
632,0.0,0.86,0.34,0.44173859166662993
633,0.0,0.0,0.71,0.2575027907876169
634,0.0,0.84,0.88,0.011570404194885522
635,0.0,0.55,0.95,0.011570404194885522
636,0.0,0.49,1.0,0.35336227630453204
637,0.0,0.03,1.0,0.401037946129842
638,0.0,0.25,0.38,0.4343244128524685
639,0.0,0.28,1.0,0.33427001537008416
640,0.0,0.48,0.3,0.29599170668501484
641,0.0,0.33,0.27,0.3842910730078735
642,0.0,0.03,0.0,0.3921430315855237
643,0.0,0.5,1.0,0.40571339932662137
644,0.0,0.11,0.67,0.011570404194885522
645,0.0,0.48,1.0,0.33427001537008416
646,0.0,0.94,0.55,0.3842910730078735
647,0.0,0.15,0.09,0.44336770622789207
648,0.0,0.21,0.05,0.29599170668501484
649,0.0,0.43,0.33,0.42994872008609253
650,0.0,0.02,0.99,0.40571339932662137
651,0.0,0.0,0.49,0.28019864782398896
652,0.0,0.68,1.0,0.3197595126087458
653,0.0,0.39,1.0,0.34635163309593264
654,0.0,0.05,0.05,0.3664173013573064
655,0.0,0.0,0.0,0.413655538909783
656,0.0,0.1,0.0,0.4471185174042534
657,0.0,0.56,0.97,0.4390685926506843
658,0.0,0.76,0.05,0.4003198587011539
659,0.0,0.94,1.0,0.29599170668501484
660,0.0,0.09,1.0,0.24875372085981573
661,0.0,0.22,0.0,0.4343244128524685
662,0.0,0.16,0.0,0.34668723333519186
663,0.0,0.76,1.0,0.3037973838992398
664,0.0,0.01,0.0,0.4444629654360609
665,0.0,0.17,1.0,0.17114249627996705
666,0.0,0.59,0.83,0.4160053826843171
667,0.0,0.12,0.01,0.4003198587011539
668,0.0,0.34,1.0,0.41035479877804587
669,0.0,0.65,1.0,0.4316740263281046
670,0.0,0.59,1.0,0.43439037650452655
671,0.0,0.01,1.0,0.35336227630453204
672,0.0,0.2,1.0,0.19424222427482982
673,0.0,0.97,1.0,0.40481432585906524
674,0.0,0.5,1.0,0.33427001537008416
675,0.0,0.4,0.31,0.44291726262429065
676,0.0,1.0,1.0,0.2575027907876169
677,0.0,0.73,1.0,0.4003198587011539
678,0.0,0.92,0.99,0.3037973838992398
679,0.0,0.47,1.0,0.44409347229684815
680,0.0,0.01,0.5,0.3866678718621428
681,0.0,0.59,1.0,0.33427001537008416
682,0.0,0.2,0.78,0.011570404194885522
683,0.0,0.29,0.01,0.4471185174042534
684,0.0,0.03,0.0,0.450465260435319
685,0.0,0.43,0.01,0.3921430315855237
686,0.0,0.49,0.87,0.4343244128524685
687,0.0,0.8,1.0,0.011570404194885522
688,0.0,0.91,1.0,0.33427001537008416
689,0.03,0.02,0.0,0.44409347229684815
690,0.0,0.62,0.11,0.2575027907876169
691,0.0,0.31,1.0,0.4115462275778437
692,0.0,0.86,1.0,0.19424222427482982
693,0.01,0.51,0.74,0.4390338954061107
694,0.0,0.0,0.21,0.28019864782398896
695,0.0,0.0,0.0,0.4221808832015208
696,0.0,0.06,1.0,0.3037973838992398
697,0.0,0.82,0.43,0.43191747682128684
698,0.0,0.37,0.94,0.4445785608261489
699,0.01,0.61,0.83,0.4459169305492638
700,0.0,0.54,1.0,0.011570404194885522
701,0.0,0.01,0.96,0.4471185174042534
702,0.0,0.11,1.0,0.17264632361215881
703,0.0,0.17,0.94,0.27936253271158507
704,0.0,0.72,0.03,0.3842910730078735
705,0.0,0.75,0.29,0.4003198587011539
706,0.0,0.6,1.0,0.33427001537008416
707,0.0,0.83,0.85,0.3664173013573064
708,0.01,0.29,0.68,0.4445785608261489
709,0.0,0.05,0.11,0.34668723333519186
710,0.0,0.26,1.0,0.2629996400522628
711,0.0,0.29,0.9,0.4203819499447943
712,0.0,0.07,0.56,0.4445785608261489
713,0.0,0.45,0.86,0.4459169305492638
714,0.0,0.03,0.54,0.3037973838992398
715,0.0,0.17,0.45,0.35336227630453204
716,0.0,0.12,0.96,0.42620415604858575
717,0.0,0.89,1.0,0.4471185174042534
718,0.0,0.56,1.0,0.35336227630453204
719,0.0,0.26,1.0,0.2939609268454136
720,0.0,0.03,1.0,0.35336227630453204
721,0.0,0.0,0.62,0.2575027907876169
722,0.0,0.61,0.22,0.4221808832015208
723,0.0,0.0,0.0,0.401037946129842
724,0.0,0.0,1.0,0.28019864782398896
725,0.03,0.34,0.93,0.4444629654360609
726,0.0,0.28,0.0,0.34668723333519186
727,0.0,0.05,0.21,0.29599170668501484
728,0.0,0.49,0.96,0.27936253271158507
729,0.0,0.06,0.92,0.4445785608261489
730,0.0,0.1,0.25,0.4045681038564729
731,0.0,0.0,0.0,0.3037973838992398
732,0.0,0.09,0.02,0.3037973838992398
733,0.0,0.72,0.66,0.4390685926506843
734,0.0,0.63,0.38,0.4390685926506843
735,0.0,0.03,1.0,0.29599170668501484
736,0.0,0.65,0.99,0.413655538909783
737,0.0,0.19,1.0,0.24875372085981573
738,0.0,0.27,1.0,0.33427001537008416
739,0.0,0.02,0.0,0.34668723333519186
740,0.0,0.23,1.0,0.34668723333519186
741,0.0,0.74,0.34,0.3633680455868924
742,0.0,0.0,1.0,0.4444629654360609
743,0.0,0.05,0.6,0.40571339932662137
744,0.0,0.65,1.0,0.4160053826843171
745,0.0,0.23,1.0,0.29599170668501484
746,0.0,0.63,1.0,0.28019864782398896
747,0.0,0.09,0.77,0.2575027907876169
748,0.0,0.11,0.48,0.4203819499447943
749,0.0,0.34,0.98,0.4003198587011539
750,0.0,0.24,0.99,0.35336227630453204
751,0.0,0.68,0.57,0.4471185174042534
752,0.0,0.1,1.0,0.4471185174042534
753,0.0,0.19,0.0,0.42994872008609253
754,0.0,0.19,1.0,0.011570404194885522
755,0.02,0.44,0.0,0.4445785608261489
756,0.0,0.83,0.27,0.3664173013573064
757,0.0,0.07,1.0,0.35336227630453204
758,0.0,0.11,1.0,0.2939609268454136
759,0.0,0.13,0.68,0.24954298511879025
760,0.0,0.36,0.69,0.4471185174042534
761,0.0,0.03,1.0,0.29599170668501484
762,0.0,0.44,0.83,0.3842910730078735
763,0.0,0.7,1.0,0.35336227630453204
764,0.0,0.83,0.18,0.3842910730078735
765,0.0,0.78,0.86,0.42620415604858575
766,0.0,0.27,0.01,0.3037973838992398
767,0.01,0.03,0.36,0.4459169305492638
768,0.0,0.76,0.97,0.33427001537008416
769,0.0,0.51,0.25,0.42994872008609253
770,0.0,0.62,0.94,0.4160053826843171
771,0.0,0.98,1.0,0.05865837488511844
772,0.0,0.17,0.04,0.3037973838992398
773,0.0,0.81,1.0,0.011570404194885522
774,0.0,0.42,1.0,0.29599170668501484
775,0.0,0.0,0.96,0.3515811831227742
776,0.0,0.65,1.0,0.24875372085981573
777,0.0,0.57,0.98,0.3037973838992398
778,0.0,0.94,1.0,0.33427001537008416
779,0.0,0.12,1.0,0.35336227630453204
780,0.0,0.88,1.0,0.28019864782398896
781,0.0,0.03,1.0,0.4471185174042534
782,0.0,0.26,0.82,0.43439037650452655
783,0.0,0.83,0.58,0.011570404194885522
784,0.0,0.08,0.0,0.4471185174042534
785,0.0,0.31,0.44,0.4459169305492638
786,0.0,0.76,1.0,0.29599170668501484
787,0.0,0.46,0.98,0.3664173013573064
788,0.0,0.23,1.0,0.413655538909783
789,0.05,0.49,0.46,0.4440890314168506
790,0.0,0.32,0.0,0.2575027907876169
791,0.0,0.84,0.36,0.4328971744843584
792,0.0,0.69,1.0,0.011570404194885522
793,0.03,0.56,0.48,0.4444629654360609
794,0.0,0.0,1.0,0.4444629654360609
795,0.0,0.05,1.0,0.401037946129842
796,0.0,0.78,0.87,0.3037973838992398
797,0.05,0.56,0.53,0.4440890314168506
798,0.0,0.16,1.0,0.011570404194885522
799,0.0,0.85,0.52,0.44291726262429065
800,0.0,0.04,0.02,0.3921430315855237
801,0.0,0.55,0.93,0.3842910730078735
802,0.0,0.46,0.09,0.011570404194885522
803,0.0,0.43,0.71,0.4328971744843584
804,0.0,0.17,1.0,0.35336227630453204
805,0.0,0.7,0.0,0.17114249627996705
806,0.0,0.0,0.54,0.24041136810680813
807,0.0,0.38,1.0,0.33427001537008416
808,0.0,0.09,1.0,0.3921430315855237
809,0.0,0.51,1.0,0.24875372085981573
810,0.0,0.63,1.0,0.2629996400522628
811,0.0,0.46,0.99,0.29599170668501484
812,0.0,0.15,1.0,0.28019864782398896
813,0.0,0.53,1.0,0.29599170668501484
814,0.0,0.42,1.0,0.42620415604858575
815,0.0,0.2,0.01,0.33427001537008416
816,0.0,0.83,1.0,0.2939609268454136
817,0.0,0.36,0.58,0.3037973838992398
818,0.0,0.06,0.29,0.19424222427482982
819,0.0,0.98,1.0,0.33427001537008416
820,0.0,0.34,0.94,0.3664173013573064
821,0.0,0.35,0.14,0.4003198587011539
822,0.0,0.63,0.76,0.17114249627996705
823,0.0,0.82,0.07,0.42994872008609253
824,0.0,0.51,0.99,0.4471185174042534
825,0.0,0.6,0.86,0.42620415604858575
826,0.0,0.99,1.0,0.4045681038564729
827,0.0,0.25,0.96,0.45924410664384596
828,0.0,0.96,1.0,0.28019864782398896
829,0.0,0.42,0.51,0.4471185174042534
830,0.0,0.02,0.11,0.29599170668501484
831,0.0,0.39,1.0,0.4003198587011539
832,0.0,0.41,0.76,0.4390685926506843
833,0.0,0.06,0.62,0.24041136810680813
834,0.0,0.65,0.99,0.24041136810680813
835,0.0,0.32,0.93,0.3664173013573064
836,0.0,0.21,1.0,0.413655538909783
837,0.0,0.74,1.0,0.3037973838992398
838,0.0,0.64,0.92,0.4459169305492638
839,0.0,0.84,1.0,0.44336770622789207
840,0.0,0.02,0.0,0.27936253271158507
841,0.0,0.41,0.8,0.43191747682128684
842,0.0,0.58,0.96,0.4444629654360609
843,0.0,0.61,0.26,0.011570404194885522
844,0.0,0.58,0.35,0.4459169305492638
845,0.0,0.07,0.94,0.011570404194885522
846,0.0,0.11,0.77,0.2575027907876169
847,0.0,0.06,1.0,0.3866678718621428
848,0.0,0.0,0.0,0.4459169305492638
849,0.0,0.12,0.0,0.3664173013573064
850,0.0,0.05,1.0,0.29599170668501484
851,0.0,0.28,0.68,0.44173859166662993
852,0.03,0.11,0.57,0.4445785608261489
853,0.0,0.6,0.97,0.4474645691824016
854,0.0,0.43,1.0,0.4471185174042534
855,0.0,0.16,0.95,0.4459169305492638
856,0.0,0.8,1.0,0.29599170668501484
857,0.0,0.91,0.23,0.40571339932662137
858,0.0,0.84,1.0,0.011570404194885522
859,0.0,0.89,1.0,0.4160053826843171
860,0.0,0.05,0.97,0.27936253271158507
861,0.0,0.0,0.66,0.29599170668501484
862,0.0,0.96,1.0,0.34668723333519186
863,0.0,0.07,1.0,0.33427001537008416
864,0.0,0.68,0.75,0.29599170668501484
865,0.0,0.04,1.0,0.35336227630453204
866,0.0,0.52,1.0,0.011570404194885522
867,0.02,0.19,0.99,0.4444629654360609
868,0.01,0.77,0.84,0.4471185174042534
869,0.0,0.0,0.9,0.011570404194885522
870,0.0,0.0,0.89,0.2507263294347249
871,0.0,0.76,0.87,0.3037973838992398
872,0.01,0.61,0.92,0.45924410664384596
873,0.0,0.07,0.97,0.25863988183350833
874,0.0,0.94,0.74,0.4390338954061107
875,0.0,0.37,0.91,0.3921430315855237
876,0.0,0.1,0.99,0.27936253271158507
877,0.0,0.92,0.39,0.4459169305492638
878,0.01,0.02,0.0,0.4459169305492638
879,0.01,0.0,1.0,0.4445785608261489
880,0.0,0.85,0.97,0.29599170668501484
881,0.0,0.35,0.17,0.34668723333519186
882,0.0,0.25,0.0,0.42620415604858575
883,0.0,0.58,0.65,0.34668723333519186
884,0.0,0.0,0.52,0.17264632361215881
885,0.0,0.35,1.0,0.24041136810680813
886,0.0,0.17,0.46,0.43191747682128684
887,0.0,0.26,1.0,0.42620415604858575
888,0.0,0.83,0.0,0.4471185174042534
889,0.0,0.34,1.0,0.35336227630453204
890,0.0,0.54,0.31,0.42994872008609253
891,0.0,0.0,0.0,0.3984825642725378
892,0.0,0.11,0.0,0.4203819499447943
893,0.0,0.25,1.0,0.34668723333519186
894,0.0,0.88,0.57,0.44291726262429065
895,0.0,0.05,0.19,0.44173859166662993
896,0.0,0.13,1.0,0.34668723333519186
897,0.0,0.18,0.0,0.3664173013573064
898,0.0,0.8,1.0,0.4160053826843171
899,0.0,0.2,0.82,0.44291726262429065
900,0.0,0.04,0.74,0.25863988183350833
901,0.0,0.0,0.02,0.3921430315855237
902,0.0,0.04,0.99,0.4390338954061107
903,0.0,0.23,1.0,0.3664173013573064
904,0.0,0.48,1.0,0.3037973838992398
905,0.0,0.97,0.99,0.4115462275778437
906,0.0,0.02,1.0,0.011570404194885522
907,0.0,0.67,0.96,0.4316740263281046
908,0.01,0.25,0.07,0.4444629654360609
909,0.0,0.02,0.32,0.35336227630453204
910,0.0,0.5,0.96,0.43439037650452655
911,0.0,0.75,0.93,0.3664173013573064
912,0.0,0.74,1.0,0.011570404194885522
913,0.0,0.12,0.0,0.40571339932662137
914,0.0,0.83,1.0,0.29599170668501484
915,0.0,0.95,0.95,0.42620415604858575
916,0.0,0.8,1.0,0.28019864782398896
917,0.0,0.44,0.72,0.33427001537008416
918,0.0,0.59,0.92,0.3037973838992398
919,0.0,0.86,1.0,0.401037946129842
920,0.0,0.11,0.99,0.3664173013573064
921,0.0,0.61,0.21,0.4459169305492638
922,0.0,0.29,1.0,0.40571339932662137
923,0.0,0.9,0.57,0.40571339932662137
924,0.0,0.74,0.22,0.33427001537008416
925,0.0,0.18,0.44,0.3664173013573064
926,0.0,0.11,1.0,0.35336227630453204
927,0.0,0.18,1.0,0.25863988183350833
928,0.0,0.63,0.94,0.3037973838992398
929,0.0,0.85,0.88,0.4390685926506843
930,0.0,0.1,0.0,0.42994872008609253
931,0.0,0.01,0.79,0.4003198587011539
932,0.0,0.3,0.33,0.25863988183350833
933,0.0,0.6,0.81,0.2575027907876169
934,0.0,0.63,0.99,0.24875372085981573
935,0.0,0.38,0.0,0.4444629654360609
936,0.0,0.02,0.0,0.44985042244069434
937,0.0,0.13,0.68,0.3037973838992398
938,0.0,0.81,1.0,0.3664173013573064
939,0.0,0.56,1.0,0.4471185174042534
940,0.0,0.03,0.0,0.4471185174042534
941,0.0,0.0,0.23,0.4459169305492638
942,0.0,0.13,0.02,0.4328971744843584
943,0.0,0.88,1.0,0.35336227630453204
944,0.0,0.41,0.0,0.4045681038564729
945,0.0,0.09,1.0,0.35336227630453204
946,0.0,0.88,0.96,0.17114249627996705
947,0.0,0.92,1.0,0.29599170668501484
948,0.0,0.14,1.0,0.28019864782398896
949,0.0,0.01,0.0,0.413655538909783
950,0.0,0.91,0.18,0.29599170668501484
951,0.0,0.06,1.0,0.3664173013573064
952,0.0,0.0,0.0,0.3037973838992398
953,0.0,0.21,1.0,0.33427001537008416
954,0.0,0.69,1.0,0.29599170668501484
955,0.0,0.7,0.18,0.4445785608261489
956,0.0,0.42,0.0,0.4160053826843171
957,0.0,0.19,0.0,0.4459169305492638
958,0.0,0.02,0.68,0.2939609268454136
959,0.0,0.82,0.97,0.05865837488511844
960,0.0,0.0,0.0,0.42994872008609253
961,0.0,0.0,0.12,0.2575027907876169
962,0.0,0.13,0.21,0.36270248078570366
963,0.0,0.96,0.64,0.4316740263281046
964,0.0,0.72,0.09,0.3037973838992398
965,0.0,0.87,0.96,0.4003198587011539
966,0.0,0.05,0.0,0.401037946129842
967,0.0,0.03,0.1,0.34635163309593264
968,0.0,0.23,0.38,0.011570404194885522
969,0.0,0.03,0.54,0.4459169305492638
970,0.0,0.45,0.75,0.35336227630453204
971,0.0,0.52,0.21,0.4390685926506843
972,0.05,0.0,0.8,0.4440890314168506
973,0.0,0.96,1.0,0.35336227630453204
974,0.0,0.06,1.0,0.24875372085981573
975,0.0,0.87,0.72,0.3664173013573064
976,0.0,0.9,0.57,0.4160053826843171
977,0.0,0.16,0.67,0.35336227630453204
978,0.0,0.94,0.81,0.4390338954061107
979,0.0,0.11,1.0,0.2507263294347249
980,0.0,0.0,0.0,0.3515811831227742
981,0.0,0.92,1.0,0.33427001537008416
982,0.0,0.91,1.0,0.33427001537008416
983,0.0,0.0,1.0,0.29599170668501484
984,0.0,0.2,1.0,0.3037973838992398
985,0.0,0.51,0.38,0.42620415604858575
986,0.0,0.0,0.04,0.2575027907876169
987,0.0,0.97,1.0,0.35336227630453204
988,0.0,0.56,0.7,0.33427001537008416
989,0.0,0.23,0.68,0.3037973838992398
990,0.0,0.53,0.04,0.34668723333519186
991,0.0,0.66,1.0,0.4160053826843171
992,0.0,0.77,0.97,0.4160053826843171
993,0.0,0.09,1.0,0.011570404194885522
994,0.0,0.0,1.0,0.19424222427482982
995,0.0,0.61,0.58,0.34668723333519186
996,0.0,0.24,1.0,0.24041136810680813
997,0.03,0.4,1.0,0.4440890314168506
998,0.0,0.17,0.13,0.3664173013573064
999,0.0,0.15,0.0,0.4221808832015208
